data,sigla_provincia,codice_comune,denominazione_comune,lat,long,ricoverati_con_sintomi,terapia_intensiva,totale_ospedalizzati,isolamento_domiciliare,totale_positivi,variazione_totale_positivi,nuovi_positivi,dimessi_guariti,deceduti,totale_casi,tamponi,casi_testati,note,ingressi_terapia_intensiva,note_test,note_casi
2021-03-01,CL,085016,San Cataldo,37.491446,13.993516,,0,3,35,38,,,526,9,573,,,,,,
2021-03-02,CL,085016,San Cataldo,37.491446,13.993516,,0,3,33,36,-2,0,528,9,573,,,,,,
2021-03-03,CL,085016,San Cataldo,37.491446,13.993516,,0,2,33,35,-1,3,532,9,576,,,,,,
2021-03-04,CL,085016,San Cataldo,37.491446,13.993516,,0,2,32,34,-1,0,533,9,576,,,,,,
2021-03-05,CL,085016,San Cataldo,37.491446,13.993516,,0,2,32,34,0,2,535,9,578,,,,,,
2021-03-06,CL,085016,San Cataldo,37.491446,13.993516,,0,2,35,37,3,5,537,9,583,,,,,,
2021-03-07,CL,085016,San Cataldo,37.491446,13.993516,,0,2,34,36,-1,0,538,9,583,,,,,,
2021-03-08,CL,085016,San Cataldo,37.491446,13.993516,,0,2,35,37,1,1,538,9,584,,,,,,
2021-03-09,CL,085016,San Cataldo,37.491446,13.993516,,0,2,35,37,0,2,540,9,586,,,,,,
2021-03-10,CL,085016,San Cataldo,37.491446,13.993516,,0,2,35,37,0,0,540,9,586,,,,,,
2021-03-11,CL,085016,San Cataldo,37.491446,13.993516,,0,3,30,33,-4,0,544,9,586,,,,,,
2021-03-13,CL,085016,San Cataldo,37.491446,13.993516,,0,4,27,31,-2,0,546,9,586,,,,,,
2021-03-14,CL,085016,San Cataldo,37.491446,13.993516,,0,4,31,35,4,4,546,9,590,,,,,,
2021-03-15,CL,085016,San Cataldo,37.491446,13.993516,,0,4,31,35,0,0,546,9,590,,,,,,
2021-03-16,CL,085016,San Cataldo,37.491446,13.993516,,0,4,31,35,0,1,547,9,591,,,,,,
2021-03-17,CL,085016,San Cataldo,37.491446,13.993516,,0,4,26,30,-5,2,554,9,593,,,,,,
2021-03-18,CL,085016,San Cataldo,37.491446,13.993516,,0,2,29,31,1,3,556,9,596,,,,,,
2021-03-19,CL,085016,San Cataldo,37.491446,13.993516,,0,2,29,31,0,0,556,9,596,,,,,,
2021-03-20,CL,085016,San Cataldo,37.491446,13.993516,,0,2,35,37,6,9,559,9,605,,,,,,
2021-03-21,CL,085016,San Cataldo,37.491446,13.993516,,0,2,39,41,4,5,560,9,610,,,,,,
2021-03-22,CL,085016,San Cataldo,37.491446,13.993516,,0,2,39,41,0,0,560,9,610,,,,,,
2021-03-23,CL,085016,San Cataldo,37.491446,13.993516,,0,2,44,46,5,8,563,9,618,,,,,,
2021-03-24,CL,085016,San Cataldo,37.491446,13.993516,,0,1,40,41,-5,2,570,9,620,,,,,,
2021-03-25,CL,085016,San Cataldo,37.491446,13.993516,,0,1,47,48,7,9,572,9,629,,,,,,
2021-03-26,CL,085016,San Cataldo,37.491446,13.993516,,0,1,51,52,4,4,572,9,633,,,,,,
2021-03-27,CL,085016,San Cataldo,37.491446,13.993516,,0,2,50,52,0,1,573,9,634,,,,,,
2021-03-28,CL,085016,San Cataldo,37.491446,13.993516,,0,2,49,51,-1,0,574,9,634,,,,,,
2021-03-29,CL,085016,San Cataldo,37.491446,13.993516,,0,2,55,57,6,6,574,9,640,,,,,,
2021-03-30,CL,085016,San Cataldo,37.491446,13.993516,,0,2,66,68,11,12,575,9,652,,,,,,
2021-03-31,CL,085016,San Cataldo,37.491446,13.993516,,0,2,68,70,2,2,575,9,654,,,,,,
2021-04-04,CL,085016,San Cataldo,37.491446,13.993516,,1,4,86,90,20,24,579,9,678,,,,,,
2021-04-05,CL,085016,San Cataldo,37.491446,13.993516,,1,5,86,91,1,1,579,9,679,,,,,,
2021-04-06,CL,085016,San Cataldo,37.491446,13.993516,,1,6,104,110,19,26,586,9,705,,,,,,
2021-04-07,CL,085016,San Cataldo,37.491446,13.993516,,1,8,106,114,4,7,589,9,712,,,,,,
2021-04-08,CL,085016,San Cataldo,37.491446,13.993516,,1,9,109,118,4,5,590,9,717,,,,,,
2021-04-09,CL,085016,San Cataldo,37.491446,13.993516,,1,8,107,115,-3,1,594,9,718,,,,,,
2021-04-10,CL,085016,San Cataldo,37.491446,13.993516,,0,9,113,122,7,10,597,9,728,,,,,,
2021-04-12,CL,085016,San Cataldo,37.491446,13.993516,,2,8,107,115,-7,5,608,10,733,,,,,,
2021-04-13,CL,085016,San Cataldo,37.491446,13.993516,,2,8,97,105,-10,5,623,10,738,,,,,,
2021-04-14,CL,085016,San Cataldo,37.491446,13.993516,,2,9,105,114,9,10,624,10,748,,,,,,
2021-04-15,CL,085016,San Cataldo,37.491446,13.993516,,2,10,105,115,1,4,627,10,752,,,,,,
2021-04-16,CL,085016,San Cataldo,37.491446,13.993516,,2,10,101,111,-4,3,633,11,755,,,,,,
2021-04-17,CL,085016,San Cataldo,37.491446,13.993516,,2,10,99,109,-2,6,641,11,761,,,,,,
2021-04-22,CL,085016,San Cataldo,37.491446,13.993516,,2,9,85,94,-15,14,670,11,775,,,,,,
2021-04-23,CL,085016,San Cataldo,37.491446,13.993516,,2,9,85,94,0,1,671,11,776,,,,,,
2021-04-24,CL,085016,San Cataldo,37.491446,13.993516,,2,9,80,89,-5,2,678,11,778,,,,,,
2021-04-27,CL,085016,San Cataldo,37.491446,13.993516,,3,10,77,87,-2,8,688,11,786,,,,,,
2021-04-28,CL,085016,San Cataldo,37.491446,13.993516,,3,11,69,80,-7,4,699,11,790,,,,,,
2021-04-29,CL,085016,San Cataldo,37.491446,13.993516,,2,10,66,76,-4,1,703,12,791,,,,,,
2021-04-30,CL,085016,San Cataldo,37.491446,13.993516,,2,9,64,73,-3,2,708,12,793,,,,,,
2021-05-01,CL,085016,San Cataldo,37.491446,13.993516,,2,9,60,69,-4,3,715,12,796,,,,,,
2021-05-02,CL,085016,San Cataldo,37.491446,13.993516,,2,9,62,71,2,2,715,12,798,,,,,,
2021-05-04,CL,085016,San Cataldo,37.491446,13.993516,,2,9,61,70,-1,6,722,12,804,,,,,,
2021-05-07,CL,085016,San Cataldo,37.491446,13.993516,,1,8,45,53,-17,4,742,13,808,,,,,,
2021-05-10,CL,085016,San Cataldo,37.491446,13.993516,,0,6,36,42,-11,0,752,14,808,,,,,,
2021-05-15,CL,085016,San Cataldo,37.491446,13.993516,,0,2,25,27,-15,1,767,15,809,,,,,,
2021-05-16,CL,085016,San Cataldo,37.491446,13.993516,,0,2,20,22,-5,0,772,15,809,,,,,,
2021-05-17,CL,085016,San Cataldo,37.491446,13.993516,,0,2,20,22,0,0,772,15,809,,,,,,
2021-05-18,CL,085016,San Cataldo,37.491446,13.993516,,0,2,16,18,-4,0,776,15,809,,,,,,
2021-05-19,CL,085016,San Cataldo,37.491446,13.993516,,0,2,15,17,-1,0,777,15,809,,,,,,
2021-05-21,CL,085016,San Cataldo,37.491446,13.993516,,0,2,11,13,-4,0,781,15,809,,,,,,
2021-05-22,CL,085016,San Cataldo,37.491446,13.993516,,0,1,9,10,-3,0,784,15,809,,,,,,
2021-05-23,CL,085016,San Cataldo,37.491446,13.993516,,0,1,8,9,-1,0,785,15,809,,,,,,
2021-05-24,CL,085016,San Cataldo,37.491446,13.993516,,0,1,8,9,0,1,786,15,810,,,,,,
2021-06-03,CL,085016,San Cataldo,37.491446,13.993516,,0,0,3,3,-6,2,794,15,812,,,,,,
2021-06-05,CL,085016,San Cataldo,37.491446,13.993516,,0,0,3,3,0,0,794,15,812,,,,,,
2021-06-10,CL,085016,San Cataldo,37.491446,13.993516,,0,0,3,3,0,0,794,15,812,,,,,,
2021-06-12,CL,085016,San Cataldo,37.491446,13.993516,,0,0,3,3,0,0,794,15,812,,,,,,
2021-06-17,CL,085016,San Cataldo,37.491446,13.993516,,0,1,6,7,4,5,795,15,817,,,,,,
2021-06-18,CL,085016,San Cataldo,37.491446,13.993516,,0,1,6,7,0,0,795,15,817,,,,,,
2021-06-19,CL,085016,San Cataldo,37.491446,13.993516,,0,1,10,11,4,4,795,15,821,,,,,,
2021-06-21,CL,085016,San Cataldo,37.491446,13.993516,,0,1,12,13,2,2,795,15,823,,,,,,
2021-06-26,CL,085016,San Cataldo,37.491446,13.993516,,0,0,34,34,21,23,797,15,846,,,,,,
2021-06-30,CL,085016,San Cataldo,37.491446,13.993516,,0,0,39,39,5,7,799,15,853,,,,,,
2021-07-01,CL,085016,San Cataldo,37.491446,13.993516,,0,0,39,39,0,0,799,15,853,,,,,,
2021-07-02,CL,085016,San Cataldo,37.491446,13.993516,,0,0,45,45,6,7,800,15,860,,,,,,
2021-07-03,CL,085016,San Cataldo,37.491446,13.993516,,0,0,45,45,0,0,800,15,860,,,,,,
2021-07-04,CL,085016,San Cataldo,37.491446,13.993516,,0,0,51,51,6,6,800,15,866,,,,,,
2021-07-06,CL,085016,San Cataldo,37.491446,13.993516,,0,0,50,50,-1,1,802,15,867,,,,,,
2021-07-07,CL,085016,San Cataldo,37.491446,13.993516,,0,0,47,47,-3,3,808,15,870,,,,,,
2021-07-08,CL,085016,San Cataldo,37.491446,13.993516,,0,0,57,57,10,14,812,15,884,,,,,,
2021-07-09,CL,085016,San Cataldo,37.491446,13.993516,,0,0,58,58,1,3,814,15,887,,,,,,
2021-07-10,CL,085016,San Cataldo,37.491446,13.993516,,0,0,60,60,2,3,815,15,890,,,,,,
2021-07-11,CL,085016,San Cataldo,37.491446,13.993516,,0,0,60,60,0,4,819,15,894,,,,,,
2021-07-12,CL,085016,San Cataldo,37.491446,13.993516,,0,0,60,60,0,0,819,15,894,,,,,,
2021-07-13,CL,085016,San Cataldo,37.491446,13.993516,,0,0,60,60,0,2,821,15,896,,,,,,
2021-07-14,CL,085016,San Cataldo,37.491446,13.993516,,0,0,56,56,-4,0,825,15,896,,,,,,
2021-07-15,CL,085016,San Cataldo,37.491446,13.993516,,0,0,53,53,-3,0,828,15,896,,,,,,
2021-07-16,CL,085016,San Cataldo,37.491446,13.993516,,0,0,54,54,1,1,828,15,897,,,,,,
2021-07-17,CL,085016,San Cataldo,37.491446,13.993516,,0,0,47,47,-7,1,836,15,898,,,,,,
2021-07-18,CL,085016,San Cataldo,37.491446,13.993516,,0,0,45,45,-2,3,841,15,901,,,,,,
2021-07-19,CL,085016,San Cataldo,37.491446,13.993516,,0,0,34,34,-11,1,853,15,902,,,,,,
2021-07-20,CL,085016,San Cataldo,37.491446,13.993516,,0,0,32,32,-2,1,856,15,903,,,,,,
2021-07-21,CL,085016,San Cataldo,37.491446,13.993516,,0,0,31,31,-1,0,857,15,903,,,,,,
2021-07-23,CL,085016,San Cataldo,37.491446,13.993516,,0,0,14,14,-17,0,874,15,903,,,,,,
2021-07-24,CL,085016,San Cataldo,37.491446,13.993516,,0,0,14,14,0,0,874,15,903,,,,,,
2021-07-25,CL,085016,San Cataldo,37.491446,13.993516,,0,0,17,17,3,5,876,15,908,,,,,,
2021-07-26,CL,085016,San Cataldo,37.491446,13.993516,,0,0,16,16,-1,0,877,15,908,,,,,,
2021-07-27,CL,085016,San Cataldo,37.491446,13.993516,,0,0,18,18,2,5,880,15,913,,,,,,
2021-07-28,CL,085016,San Cataldo,37.491446,13.993516,,0,0,14,14,-4,0,884,15,913,,,,,,
2021-07-29,CL,085016,San Cataldo,37.491446,13.993516,,0,1,13,14,0,1,885,15,914,,,,,,
2021-07-30,CL,085016,San Cataldo,37.491446,13.993516,,0,1,14,15,1,1,885,15,915,,,,,,
2021-07-31,CL,085016,San Cataldo,37.491446,13.993516,,0,1,16,17,2,4,887,15,919,,,,,,
2021-08-01,CL,085016,San Cataldo,37.491446,13.993516,,0,1,24,25,8,8,887,15,927,,,,,,
2021-08-02,CL,085016,San Cataldo,37.491446,13.993516,,0,1,24,25,0,0,887,15,927,,,,,,
2021-08-03,CL,085016,San Cataldo,37.491446,13.993516,,0,1,24,25,0,0,887,15,927,,,,,,
2021-08-04,CL,085016,San Cataldo,37.491446,13.993516,,0,1,24,25,0,0,887,15,927,,,,,,
2021-08-06,CL,085016,San Cataldo,37.491446,13.993516,,0,2,21,23,-2,2,891,15,929,,,,,,
2021-08-09,CL,085016,San Cataldo,37.491446,13.993516,,0,3,22,25,2,4,893,15,933,,,,,,
2021-08-10,CL,085016,San Cataldo,37.491446,13.993516,,0,2,20,22,-3,1,896,16,934,,,,,,
2021-08-12,CL,085016,San Cataldo,37.491446,13.993516,,0,2,19,21,-1,4,901,16,938,,,,,,
2021-08-13,CL,085016,San Cataldo,37.491446,13.993516,,0,2,19,21,0,2,903,16,940,,,,,,
2021-08-14,CL,085016,San Cataldo,37.491446,13.993516,,0,2,20,22,1,2,904,16,942,,,,,,
2021-08-15,CL,085016,San Cataldo,37.491446,13.993516,,0,2,19,21,-1,0,905,16,942,,,,,,
2021-08-16,CL,085016,San Cataldo,37.491446,13.993516,,0,2,22,24,3,4,906,16,946,,,,,,
2021-08-17,CL,085016,San Cataldo,37.491446,13.993516,,0,2,22,24,0,0,906,16,946,,,,,,
2021-08-18,CL,085016,San Cataldo,37.491446,13.993516,,0,0,24,24,0,0,906,16,946,,,,,,
2021-08-19,CL,085016,San Cataldo,37.491446,13.993516,,0,0,24,24,0,0,906,16,946,,,,,,
2021-08-20,CL,085016,San Cataldo,37.491446,13.993516,,0,0,24,24,0,0,906,16,946,,,,,,
2021-08-21,CL,085016,San Cataldo,37.491446,13.993516,,0,0,26,26,2,2,906,16,948,,,,,,
2021-08-22,CL,085016,San Cataldo,37.491446,13.993516,,0,0,22,22,-4,3,913,16,951,,,,,,
2021-08-23,CL,085016,San Cataldo,37.491446,13.993516,,0,0,22,22,0,0,913,16,951,,,,,,
2021-08-24,CL,085016,San Cataldo,37.491446,13.993516,,0,0,25,25,3,4,914,16,955,,,,,,
2021-08-25,CL,085016,San Cataldo,37.491446,13.993516,,0,0,32,32,7,7,914,16,962,,,,,,
2021-08-28,CL,085016,San Cataldo,37.491446,13.993516,,0,0,39,39,7,10,917,16,972,,,,,,
2021-08-29,CL,085016,San Cataldo,37.491446,13.993516,,0,0,42,42,3,4,918,16,976,,,,,,
2021-08-30,CL,085016,San Cataldo,37.491446,13.993516,,0,0,41,41,-1,0,919,16,976,,,,,,
2021-08-31,CL,085016,San Cataldo,37.491446,13.993516,,0,0,36,36,-5,0,924,16,976,,,,,,
2021-09-01,CL,085016,San Cataldo,37.491446,13.993516,,0,1,39,40,4,7,927,16,983,,,,,,
2021-09-03,CL,085016,San Cataldo,37.491446,13.993516,,0,1,31,32,-8,0,934,17,983,,,,,,
2021-09-04,CL,085016,San Cataldo,37.491446,13.993516,,0,1,38,39,7,9,936,17,992,,,,,,
2021-09-05,CL,085016,San Cataldo,37.491446,13.993516,,0,1,37,38,-1,0,937,17,992,,,,,,
2021-09-06,CL,085016,San Cataldo,37.491446,13.993516,,0,1,38,39,1,1,937,17,993,,,,,,
2021-09-07,CL,085016,San Cataldo,37.491446,13.993516,,0,1,37,38,-1,4,942,17,997,,,,,,
2021-09-08,CL,085016,San Cataldo,37.491446,13.993516,,0,1,37,38,0,0,942,17,997,,,,,,
2021-09-09,CL,085016,San Cataldo,37.491446,13.993516,,0,1,36,37,-1,0,943,17,997,,,,,,
2021-09-10,CL,085016,San Cataldo,37.491446,13.993516,,0,1,36,37,0,0,943,17,997,,,,,,
2021-09-11,CL,085016,San Cataldo,37.491446,13.993516,,0,2,35,37,0,0,943,17,997,,,,,,
2021-09-12,CL,085016,San Cataldo,37.491446,13.993516,,0,2,33,35,-2,6,951,17,1003,,,,,,
2021-09-13,CL,085016,San Cataldo,37.491446,13.993516,,0,2,34,36,1,1,951,17,1004,,,,,,
2021-09-14,CL,085016,San Cataldo,37.491446,13.993516,,0,2,32,34,-2,4,957,17,1008,,,,,,
2021-09-15,CL,085016,San Cataldo,37.491446,13.993516,,0,2,32,34,0,2,959,17,1010,,,,,,
2021-09-16,CL,085016,San Cataldo,37.491446,13.993516,,0,2,31,33,-1,0,960,17,1010,,,,,,
2021-09-17,CL,085016,San Cataldo,37.491446,13.993516,,0,1,32,33,0,3,963,17,1013,,,,,,
2021-09-18,CL,085016,San Cataldo,37.491446,13.993516,,0,1,32,33,0,3,966,17,1016,,,,,,
2021-09-19,CL,085016,San Cataldo,37.491446,13.993516,,0,1,31,32,-1,1,968,17,1017,,,,,,
2021-09-20,CL,085016,San Cataldo,37.491446,13.993516,,0,1,31,32,0,0,968,17,1017,,,,,,
2021-09-21,CL,085016,San Cataldo,37.491446,13.993516,,0,1,32,33,1,2,969,17,1019,,,,,,
2021-09-22,CL,085016,San Cataldo,37.491446,13.993516,,0,0,34,34,1,1,969,17,1020,,,,,,
2021-09-23,CL,085016,San Cataldo,37.491446,13.993516,,0,0,32,32,-2,1,972,17,1021,,,,,,
2021-09-24,CL,085016,San Cataldo,37.491446,13.993516,,0,0,28,28,-4,2,978,17,1023,,,,,,
2021-09-25,CL,085016,San Cataldo,37.491446,13.993516,,0,0,24,24,-4,0,982,17,1023,,,,,,
2021-09-26,CL,085016,San Cataldo,37.491446,13.993516,,0,0,24,24,0,0,982,17,1023,,,,,,
2021-09-27,CL,085016,San Cataldo,37.491446,13.993516,,0,1,20,21,-3,0,985,17,1023,,,,,,
2021-09-28,CL,085016,San Cataldo,37.491446,13.993516,,0,1,20,21,0,0,985,17,1023,,,,,,
2021-09-29,CL,085016,San Cataldo,37.491446,13.993516,,0,1,16,17,-4,0,989,17,1023,,,,,,
2021-09-30,CL,085016,San Cataldo,37.491446,13.993516,,0,1,13,14,-3,2,994,17,1025,,,,,,
2021-10-01,CL,085016,San Cataldo,37.491446,13.993516,,0,1,13,14,0,0,994,17,1025,,,,,,
2021-10-02,CL,085016,San Cataldo,37.491446,13.993516,,0,1,17,18,4,5,995,17,1030,,,,,,
2021-10-03,CL,085016,San Cataldo,37.491446,13.993516,,0,1,19,20,2,2,995,17,1032,,,,,,
2021-10-04,CL,085016,San Cataldo,37.491446,13.993516,,0,1,14,15,-5,0,1000,17,1032,,,,,,
2021-10-05,CL,085016,San Cataldo,37.491446,13.993516,,0,0,13,13,-2,1,1003,17,1033,,,,,,
2021-10-06,CL,085016,San Cataldo,37.491446,13.993516,,0,2,11,13,0,0,1003,17,1033,,,,,,
2021-10-07,CL,085016,San Cataldo,37.491446,13.993516,,0,2,11,13,0,1,1004,17,1034,,,,,,
2021-10-08,CL,085016,San Cataldo,37.491446,13.993516,,0,2,11,13,0,0,1004,17,1034,,,,,,
2021-10-09,CL,085016,San Cataldo,37.491446,13.993516,,0,2,11,13,0,0,1004,17,1034,,,,,,
2021-10-10,CL,085016,San Cataldo,37.491446,13.993516,,0,2,11,13,0,1,1005,17,1035,,,,,,
2021-10-11,CL,085016,San Cataldo,37.491446,13.993516,,0,2,11,13,0,0,1005,17,1035,,,,,,
2021-10-12,CL,085016,San Cataldo,37.491446,13.993516,,0,2,10,12,-1,0,1006,17,1035,,,,,,
2021-10-13,CL,085016,San Cataldo,37.491446,13.993516,,0,2,10,12,0,0,1006,17,1035,,,,,,
2021-10-14,CL,085016,San Cataldo,37.491446,13.993516,,0,2,10,12,0,0,1006,17,1035,,,,,,
2021-10-15,CL,085016,San Cataldo,37.491446,13.993516,,0,2,13,15,3,3,1006,17,1038,,,,,,
2021-10-16,CL,085016,San Cataldo,37.491446,13.993516,,0,1,14,15,0,0,1006,17,1038,,,,,,
2021-10-17,CL,085016,San Cataldo,37.491446,13.993516,,0,1,14,15,0,0,1006,17,1038,,,,,,
2021-10-18,CL,085016,San Cataldo,37.491446,13.993516,,0,1,14,15,0,0,1006,17,1038,,,,,,
2021-10-19,CL,085016,San Cataldo,37.491446,13.993516,,0,1,13,14,-1,0,1007,17,1038,,,,,,
2021-10-20,CL,085016,San Cataldo,37.491446,13.993516,,0,1,11,12,-2,0,1009,17,1038,,,,,,
2021-10-21,CL,085016,San Cataldo,37.491446,13.993516,,0,1,12,13,1,2,1010,17,1040,,,,,,
2021-10-22,CL,085016,San Cataldo,37.491446,13.993516,,0,1,13,14,1,1,1010,17,1041,,,,,,
2021-10-23,CL,085016,San Cataldo,37.491446,13.993516,,0,1,10,11,-3,0,1013,17,1041,,,,,,
2021-10-24,CL,085016,San Cataldo,37.491446,13.993516,,0,2,9,11,0,2,1015,17,1043,,,,,,
2021-10-25,CL,085016,San Cataldo,37.491446,13.993516,,0,2,10,12,1,4,1018,17,1047,,,,,,
2021-10-26,CL,085016,San Cataldo,37.491446,13.993516,,0,1,15,16,4,5,1019,17,1052,,,,,,
2021-10-28,CL,085016,San Cataldo,37.491446,13.993516,,0,1,21,22,6,7,1020,17,1059,,,,,,