data,sigla_provincia,codice_comune,denominazione_comune,lat,long,ricoverati_con_sintomi,terapia_intensiva,totale_ospedalizzati,isolamento_domiciliare,totale_positivi,variazione_totale_positivi,nuovi_positivi,dimessi_guariti,deceduti,totale_casi,tamponi,casi_testati,note,ingressi_terapia_intensiva,note_test,note_casi
2021-03-01,CL,085015,Riesi,37.281961,14.082414,,1,6,66,72,,,129,4,205,,,,,,
2021-03-02,CL,085015,Riesi,37.281961,14.082414,,0,4,73,77,5,6,130,4,211,,,,,,
2021-03-03,CL,085015,Riesi,37.281961,14.082414,,0,4,73,77,0,0,130,4,211,,,,,,
2021-03-04,CL,085015,Riesi,37.281961,14.082414,,0,3,72,75,-2,0,132,4,211,,,,,,
2021-03-05,CL,085015,Riesi,37.281961,14.082414,,0,3,72,75,0,0,132,4,211,,,,,,
2021-03-06,CL,085015,Riesi,37.281961,14.082414,,0,3,82,85,10,18,140,4,229,,,,,,
2021-03-07,CL,085015,Riesi,37.281961,14.082414,,0,2,81,83,-2,4,145,5,233,,,,,,
2021-03-08,CL,085015,Riesi,37.281961,14.082414,,0,3,86,89,6,6,145,5,239,,,,,,
2021-03-09,CL,085015,Riesi,37.281961,14.082414,,0,4,85,89,0,0,145,5,239,,,,,,
2021-03-10,CL,085015,Riesi,37.281961,14.082414,,0,4,87,91,2,10,153,5,249,,,,,,
2021-03-11,CL,085015,Riesi,37.281961,14.082414,,0,4,86,90,-1,0,154,5,249,,,,,,
2021-03-13,CL,085015,Riesi,37.281961,14.082414,,0,3,81,84,-6,5,164,6,254,,,,,,
2021-03-14,CL,085015,Riesi,37.281961,14.082414,,0,3,81,84,0,0,164,6,254,,,,,,
2021-03-15,CL,085015,Riesi,37.281961,14.082414,,0,3,75,78,-6,0,170,6,254,,,,,,
2021-03-16,CL,085015,Riesi,37.281961,14.082414,,0,3,75,78,0,2,172,6,256,,,,,,
2021-03-17,CL,085015,Riesi,37.281961,14.082414,,0,4,71,75,-3,1,176,6,257,,,,,,
2021-03-18,CL,085015,Riesi,37.281961,14.082414,,0,4,67,71,-4,2,182,6,259,,,,,,
2021-03-19,CL,085015,Riesi,37.281961,14.082414,,0,4,67,71,0,0,182,6,259,,,,,,
2021-03-20,CL,085015,Riesi,37.281961,14.082414,,0,4,61,65,-6,2,190,6,261,,,,,,
2021-03-21,CL,085015,Riesi,37.281961,14.082414,,0,4,60,64,-1,0,191,6,261,,,,,,
2021-03-22,CL,085015,Riesi,37.281961,14.082414,,0,4,55,59,-5,0,196,6,261,,,,,,
2021-03-23,CL,085015,Riesi,37.281961,14.082414,,0,4,44,48,-11,0,207,6,261,,,,,,
2021-03-24,CL,085015,Riesi,37.281961,14.082414,,0,4,39,43,-5,0,212,6,261,,,,,,
2021-03-25,CL,085015,Riesi,37.281961,14.082414,,0,3,39,42,-1,1,214,6,262,,,,,,
2021-03-26,CL,085015,Riesi,37.281961,14.082414,,0,3,39,42,0,0,214,6,262,,,,,,
2021-03-27,CL,085015,Riesi,37.281961,14.082414,,0,2,40,42,0,0,214,6,262,,,,,,
2021-03-28,CL,085015,Riesi,37.281961,14.082414,,0,2,38,40,-2,0,216,6,262,,,,,,
2021-03-29,CL,085015,Riesi,37.281961,14.082414,,0,2,38,40,0,0,216,6,262,,,,,,
2021-03-30,CL,085015,Riesi,37.281961,14.082414,,0,2,25,27,-13,0,229,6,262,,,,,,
2021-03-31,CL,085015,Riesi,37.281961,14.082414,,0,2,25,27,0,0,229,6,262,,,,,,
2021-04-04,CL,085015,Riesi,37.281961,14.082414,,0,2,12,14,-13,0,242,6,262,,,,,,
2021-04-05,CL,085015,Riesi,37.281961,14.082414,,0,2,11,13,-1,0,243,6,262,,,,,,
2021-04-06,CL,085015,Riesi,37.281961,14.082414,,0,2,10,12,-1,0,244,6,262,,,,,,
2021-04-07,CL,085015,Riesi,37.281961,14.082414,,0,2,10,12,0,0,244,6,262,,,,,,
2021-04-08,CL,085015,Riesi,37.281961,14.082414,,0,2,8,10,-2,0,246,6,262,,,,,,
2021-04-09,CL,085015,Riesi,37.281961,14.082414,,0,2,5,7,-3,0,249,6,262,,,,,,
2021-04-10,CL,085015,Riesi,37.281961,14.082414,,0,2,5,7,0,0,249,6,262,,,,,,
2021-04-12,CL,085015,Riesi,37.281961,14.082414,,0,3,5,8,1,1,249,6,263,,,,,,
2021-04-13,CL,085015,Riesi,37.281961,14.082414,,0,3,3,6,-2,0,251,6,263,,,,,,
2021-04-14,CL,085015,Riesi,37.281961,14.082414,,0,3,2,5,-1,0,252,6,263,,,,,,
2021-04-15,CL,085015,Riesi,37.281961,14.082414,,0,3,2,5,0,0,252,6,263,,,,,,
2021-04-16,CL,085015,Riesi,37.281961,14.082414,,0,3,1,4,-1,1,254,6,264,,,,,,
2021-04-17,CL,085015,Riesi,37.281961,14.082414,,0,3,2,5,1,1,254,6,265,,,,,,
2021-04-22,CL,085015,Riesi,37.281961,14.082414,,0,3,29,32,27,27,254,6,292,,,,,,
2021-04-23,CL,085015,Riesi,37.281961,14.082414,,0,4,38,42,10,10,254,6,302,,,,,,
2021-04-24,CL,085015,Riesi,37.281961,14.082414,,0,6,36,42,0,0,254,6,302,,,,,,
2021-04-27,CL,085015,Riesi,37.281961,14.082414,,0,6,38,44,2,3,255,6,305,,,,,,
2021-04-28,CL,085015,Riesi,37.281961,14.082414,,0,7,48,55,11,11,255,6,316,,,,,,
2021-04-29,CL,085015,Riesi,37.281961,14.082414,,0,7,49,56,1,1,255,6,317,,,,,,
2021-04-30,CL,085015,Riesi,37.281961,14.082414,,0,7,49,56,0,0,255,6,317,,,,,,
2021-05-01,CL,085015,Riesi,37.281961,14.082414,,0,7,53,60,4,7,258,6,324,,,,,,
2021-05-02,CL,085015,Riesi,37.281961,14.082414,,0,7,53,60,0,0,258,6,324,,,,,,
2021-05-04,CL,085015,Riesi,37.281961,14.082414,,0,8,53,61,1,1,258,6,325,,,,,,
2021-05-07,CL,085015,Riesi,37.281961,14.082414,,0,9,103,112,51,59,266,6,384,,,,,,
2021-05-10,CL,085015,Riesi,37.281961,14.082414,,0,11,134,145,33,39,272,6,423,,,,,,
2021-05-15,CL,085015,Riesi,37.281961,14.082414,,0,11,160,171,26,43,289,6,466,,,,,,
2021-05-16,CL,085015,Riesi,37.281961,14.082414,,0,12,159,171,0,0,289,6,466,,,,,,
2021-05-17,CL,085015,Riesi,37.281961,14.082414,,0,12,155,167,-4,0,293,6,466,,,,,,
2021-05-18,CL,085015,Riesi,37.281961,14.082414,,0,13,158,171,4,8,297,6,474,,,,,,
2021-05-19,CL,085015,Riesi,37.281961,14.082414,,0,14,157,171,0,0,297,6,474,,,,,,
2021-05-21,CL,085015,Riesi,37.281961,14.082414,,0,14,156,170,-1,12,310,6,486,,,,,,
2021-05-22,CL,085015,Riesi,37.281961,14.082414,,0,12,155,167,-3,9,322,6,495,,,,,,
2021-05-23,CL,085015,Riesi,37.281961,14.082414,,0,12,158,170,3,4,323,6,499,,,,,,
2021-05-24,CL,085015,Riesi,37.281961,14.082414,,0,12,158,170,0,0,323,6,499,,,,,,
2021-06-03,CL,085015,Riesi,37.281961,14.082414,,0,6,60,66,-104,7,434,6,506,,,,,,
2021-06-05,CL,085015,Riesi,37.281961,14.082414,,0,5,57,62,-4,1,439,6,507,,,,,,
2021-06-10,CL,085015,Riesi,37.281961,14.082414,,0,3,34,37,-25,2,466,6,509,,,,,,
2021-06-12,CL,085015,Riesi,37.281961,14.082414,,0,3,29,32,-5,0,471,6,509,,,,,,
2021-06-17,CL,085015,Riesi,37.281961,14.082414,,0,2,9,11,-21,1,493,6,510,,,,,,
2021-06-18,CL,085015,Riesi,37.281961,14.082414,,0,2,9,11,0,0,493,6,510,,,,,,
2021-06-19,CL,085015,Riesi,37.281961,14.082414,,0,2,6,8,-3,0,496,6,510,,,,,,
2021-06-21,CL,085015,Riesi,37.281961,14.082414,,0,1,5,6,-2,0,497,7,510,,,,,,
2021-06-26,CL,085015,Riesi,37.281961,14.082414,,0,1,5,6,0,0,497,7,510,,,,,,
2021-06-30,CL,085015,Riesi,37.281961,14.082414,,0,1,4,5,-1,0,498,7,510,,,,,,
2021-07-01,CL,085015,Riesi,37.281961,14.082414,,0,1,4,5,0,2,500,7,512,,,,,,
2021-07-02,CL,085015,Riesi,37.281961,14.082414,,0,1,4,5,0,0,500,7,512,,,,,,
2021-07-03,CL,085015,Riesi,37.281961,14.082414,,0,1,7,8,3,3,500,7,515,,,,,,
2021-07-04,CL,085015,Riesi,37.281961,14.082414,,0,1,7,8,0,0,500,7,515,,,,,,
2021-07-06,CL,085015,Riesi,37.281961,14.082414,,0,1,16,17,9,9,500,7,524,,,,,,
2021-07-07,CL,085015,Riesi,37.281961,14.082414,,0,1,16,17,0,0,500,7,524,,,,,,
2021-07-08,CL,085015,Riesi,37.281961,14.082414,,0,1,27,28,11,11,500,7,535,,,,,,
2021-07-09,CL,085015,Riesi,37.281961,14.082414,,0,1,29,30,2,2,500,7,537,,,,,,
2021-07-10,CL,085015,Riesi,37.281961,14.082414,,0,1,37,38,8,8,500,7,545,,,,,,
2021-07-11,CL,085015,Riesi,37.281961,14.082414,,0,1,37,38,0,0,500,7,545,,,,,,
2021-07-12,CL,085015,Riesi,37.281961,14.082414,,0,1,37,38,0,0,500,7,545,,,,,,
2021-07-13,CL,085015,Riesi,37.281961,14.082414,,0,1,48,49,11,14,503,7,559,,,,,,
2021-07-14,CL,085015,Riesi,37.281961,14.082414,,0,1,48,49,0,0,503,7,559,,,,,,
2021-07-15,CL,085015,Riesi,37.281961,14.082414,,0,1,67,68,19,19,503,7,578,,,,,,
2021-07-16,CL,085015,Riesi,37.281961,14.082414,,0,2,66,68,0,0,503,7,578,,,,,,
2021-07-17,CL,085015,Riesi,37.281961,14.082414,,0,2,66,68,0,0,503,7,578,,,,,,
2021-07-18,CL,085015,Riesi,37.281961,14.082414,,0,1,83,84,16,17,504,7,595,,,,,,
2021-07-19,CL,085015,Riesi,37.281961,14.082414,,0,1,83,84,0,0,504,7,595,,,,,,
2021-07-20,CL,085015,Riesi,37.281961,14.082414,,0,1,93,94,10,16,510,7,611,,,,,,
2021-07-21,CL,085015,Riesi,37.281961,14.082414,,0,1,95,96,2,2,510,7,613,,,,,,
2021-07-23,CL,085015,Riesi,37.281961,14.082414,,0,2,131,133,37,37,510,7,650,,,,,,
2021-07-24,CL,085015,Riesi,37.281961,14.082414,,0,2,146,148,15,18,513,7,668,,,,,,
2021-07-25,CL,085015,Riesi,37.281961,14.082414,,0,3,146,149,1,2,514,7,670,,,,,,
2021-07-26,CL,085015,Riesi,37.281961,14.082414,,0,5,145,150,1,1,514,7,671,,,,,,
2021-07-27,CL,085015,Riesi,37.281961,14.082414,,0,6,147,153,3,13,524,7,684,,,,,,
2021-07-28,CL,085015,Riesi,37.281961,14.082414,,0,6,147,153,0,0,524,7,684,,,,,,
2021-07-29,CL,085015,Riesi,37.281961,14.082414,,0,6,148,154,1,11,534,7,695,,,,,,
2021-07-30,CL,085015,Riesi,37.281961,14.082414,,0,6,146,152,-2,2,538,7,697,,,,,,
2021-07-31,CL,085015,Riesi,37.281961,14.082414,,0,6,142,148,-4,6,548,7,703,,,,,,
2021-08-01,CL,085015,Riesi,37.281961,14.082414,,0,6,144,150,2,2,548,7,705,,,,,,
2021-08-02,CL,085015,Riesi,37.281961,14.082414,,0,7,139,146,-4,0,552,7,705,,,,,,
2021-08-03,CL,085015,Riesi,37.281961,14.082414,,0,7,122,129,-17,1,570,7,706,,,,,,
2021-08-04,CL,085015,Riesi,37.281961,14.082414,,0,7,120,127,-2,0,572,7,706,,,,,,
2021-08-06,CL,085015,Riesi,37.281961,14.082414,,0,7,98,105,-22,1,595,7,707,,,,,,
2021-08-09,CL,085015,Riesi,37.281961,14.082414,,0,6,78,84,-21,11,627,7,718,,,,,,
2021-08-10,CL,085015,Riesi,37.281961,14.082414,,0,5,77,82,-2,-1,628,7,717,,,,,,
2021-08-12,CL,085015,Riesi,37.281961,14.082414,,0,6,67,73,-9,8,645,7,725,,,,,,
2021-08-13,CL,085015,Riesi,37.281961,14.082414,,0,5,57,62,-11,4,660,7,729,,,,,,
2021-08-14,CL,085015,Riesi,37.281961,14.082414,,0,5,55,60,-2,1,663,7,730,,,,,,
2021-08-15,CL,085015,Riesi,37.281961,14.082414,,0,5,51,56,-4,0,667,7,730,,,,,,
2021-08-16,CL,085015,Riesi,37.281961,14.082414,,0,5,57,62,6,9,670,7,739,,,,,,
2021-08-17,CL,085015,Riesi,37.281961,14.082414,,0,5,57,62,0,0,670,7,739,,,,,,
2021-08-18,CL,085015,Riesi,37.281961,14.082414,,1,5,53,58,-4,5,679,7,744,,,,,,
2021-08-19,CL,085015,Riesi,37.281961,14.082414,,1,5,51,56,-2,1,682,7,745,,,,,,
2021-08-20,CL,085015,Riesi,37.281961,14.082414,,1,5,56,61,5,5,682,7,750,,,,,,
2021-08-21,CL,085015,Riesi,37.281961,14.082414,,1,4,51,55,-6,1,689,7,751,,,,,,
2021-08-22,CL,085015,Riesi,37.281961,14.082414,,1,4,53,57,2,3,690,7,754,,,,,,
2021-08-23,CL,085015,Riesi,37.281961,14.082414,,1,5,53,58,1,1,690,7,755,,,,,,
2021-08-24,CL,085015,Riesi,37.281961,14.082414,,1,5,51,56,-2,1,693,7,756,,,,,,
2021-08-25,CL,085015,Riesi,37.281961,14.082414,,1,4,50,54,-2,3,698,7,759,,,,,,
2021-08-28,CL,085015,Riesi,37.281961,14.082414,,1,2,50,52,-2,1,701,7,760,,,,,,
2021-08-29,CL,085015,Riesi,37.281961,14.082414,,1,4,45,49,-3,1,705,7,761,,,,,,
2021-08-30,CL,085015,Riesi,37.281961,14.082414,,1,3,39,42,-7,0,712,7,761,,,,,,
2021-08-31,CL,085015,Riesi,37.281961,14.082414,,1,3,39,42,0,0,712,7,761,,,,,,
2021-09-01,CL,085015,Riesi,37.281961,14.082414,,0,2,39,41,-1,0,712,8,761,,,,,,
2021-09-03,CL,085015,Riesi,37.281961,14.082414,,0,2,21,23,-18,2,732,8,763,,,,,,
2021-09-04,CL,085015,Riesi,37.281961,14.082414,,0,2,13,15,-8,0,740,8,763,,,,,,
2021-09-05,CL,085015,Riesi,37.281961,14.082414,,0,2,14,16,1,1,740,8,764,,,,,,
2021-09-06,CL,085015,Riesi,37.281961,14.082414,,0,2,12,14,-2,0,742,8,764,,,,,,
2021-09-07,CL,085015,Riesi,37.281961,14.082414,,0,2,16,18,4,6,744,8,770,,,,,,
2021-09-08,CL,085015,Riesi,37.281961,14.082414,,0,2,15,17,-1,0,745,8,770,,,,,,
2021-09-09,CL,085015,Riesi,37.281961,14.082414,,0,2,15,17,0,0,745,8,770,,,,,,
2021-09-10,CL,085015,Riesi,37.281961,14.082414,,0,2,15,17,0,1,746,8,771,,,,,,
2021-09-11,CL,085015,Riesi,37.281961,14.082414,,0,2,15,17,0,0,746,8,771,,,,,,
2021-09-12,CL,085015,Riesi,37.281961,14.082414,,0,2,17,19,2,2,746,8,773,,,,,,
2021-09-13,CL,085015,Riesi,37.281961,14.082414,,0,2,14,16,-3,0,749,8,773,,,,,,
2021-09-14,CL,085015,Riesi,37.281961,14.082414,,0,2,12,14,-2,2,753,8,775,,,,,,
2021-09-15,CL,085015,Riesi,37.281961,14.082414,,0,2,12,14,0,0,753,8,775,,,,,,
2021-09-16,CL,085015,Riesi,37.281961,14.082414,,0,2,12,14,0,0,753,8,775,,,,,,
2021-09-17,CL,085015,Riesi,37.281961,14.082414,,0,0,12,12,-2,0,755,8,775,,,,,,
2021-09-18,CL,085015,Riesi,37.281961,14.082414,,0,0,12,12,0,0,755,8,775,,,,,,
2021-09-19,CL,085015,Riesi,37.281961,14.082414,,0,0,11,11,-1,0,756,8,775,,,,,,
2021-09-20,CL,085015,Riesi,37.281961,14.082414,,0,0,11,11,0,0,756,8,775,,,,,,
2021-09-21,CL,085015,Riesi,37.281961,14.082414,,0,0,11,11,0,0,756,8,775,,,,,,
2021-09-22,CL,085015,Riesi,37.281961,14.082414,,0,0,11,11,0,1,757,8,776,,,,,,
2021-09-23,CL,085015,Riesi,37.281961,14.082414,,0,0,11,11,0,0,757,8,776,,,,,,
2021-09-24,CL,085015,Riesi,37.281961,14.082414,,0,0,11,11,0,0,757,8,776,,,,,,
2021-09-25,CL,085015,Riesi,37.281961,14.082414,,0,0,8,8,-3,0,760,8,776,,,,,,
2021-09-26,CL,085015,Riesi,37.281961,14.082414,,0,0,8,8,0,0,760,8,776,,,,,,
2021-09-27,CL,085015,Riesi,37.281961,14.082414,,0,0,5,5,-3,0,763,8,776,,,,,,
2021-09-28,CL,085015,Riesi,37.281961,14.082414,,0,0,8,8,3,3,763,8,779,,,,,,
2021-09-29,CL,085015,Riesi,37.281961,14.082414,,0,0,8,8,0,0,763,8,779,,,,,,
2021-09-30,CL,085015,Riesi,37.281961,14.082414,,0,0,9,9,1,4,766,8,783,,,,,,
2021-10-01,CL,085015,Riesi,37.281961,14.082414,,0,0,9,9,0,0,766,8,783,,,,,,
2021-10-02,CL,085015,Riesi,37.281961,14.082414,,0,0,9,9,0,0,766,8,783,,,,,,
2021-10-03,CL,085015,Riesi,37.281961,14.082414,,0,0,9,9,0,0,766,8,783,,,,,,
2021-10-04,CL,085015,Riesi,37.281961,14.082414,,0,0,9,9,0,0,766,8,783,,,,,,
2021-10-05,CL,085015,Riesi,37.281961,14.082414,,0,0,8,8,-1,0,767,8,783,,,,,,
2021-10-06,CL,085015,Riesi,37.281961,14.082414,,0,0,8,8,0,0,767,8,783,,,,,,
2021-10-07,CL,085015,Riesi,37.281961,14.082414,,0,0,7,7,-1,0,768,8,783,,,,,,
2021-10-08,CL,085015,Riesi,37.281961,14.082414,,0,0,7,7,0,0,768,8,783,,,,,,
2021-10-09,CL,085015,Riesi,37.281961,14.082414,,0,0,11,11,4,4,768,8,787,,,,,,
2021-10-10,CL,085015,Riesi,37.281961,14.082414,,0,0,11,11,0,0,768,8,787,,,,,,
2021-10-11,CL,085015,Riesi,37.281961,14.082414,,0,1,11,12,1,1,768,8,788,,,,,,
2021-10-12,CL,085015,Riesi,37.281961,14.082414,,0,1,13,14,2,3,769,8,791,,,,,,
2021-10-13,CL,085015,Riesi,37.281961,14.082414,,0,1,13,14,0,0,769,8,791,,,,,,
2021-10-14,CL,085015,Riesi,37.281961,14.082414,,0,1,13,14,0,1,770,8,792,,,,,,
2021-10-15,CL,085015,Riesi,37.281961,14.082414,,0,1,13,14,0,0,770,8,792,,,,,,
2021-10-16,CL,085015,Riesi,37.281961,14.082414,,0,1,14,15,1,1,770,8,793,,,,,,
2021-10-17,CL,085015,Riesi,37.281961,14.082414,,0,3,13,16,1,3,772,8,796,,,,,,
2021-10-18,CL,085015,Riesi,37.281961,14.082414,,0,3,15,18,2,2,772,8,798,,,,,,
2021-10-19,CL,085015,Riesi,37.281961,14.082414,,0,3,24,27,9,10,773,8,808,,,,,,