data,sigla_provincia,codice_comune,denominazione_comune,lat,long,ricoverati_con_sintomi,terapia_intensiva,totale_ospedalizzati,isolamento_domiciliare,totale_positivi,variazione_totale_positivi,nuovi_positivi,dimessi_guariti,deceduti,totale_casi,tamponi,casi_testati,note,ingressi_terapia_intensiva,note_test,note_casi
2021-03-01,CL,085018,Serradifalco,37.453843,13.880463,,0,0,1,1,,,85,1,87,,,,,,
2021-03-02,CL,085018,Serradifalco,37.453843,13.880463,,0,0,1,1,0,0,85,1,87,,,,,,
2021-03-03,CL,085018,Serradifalco,37.453843,13.880463,,0,0,5,5,4,5,86,1,92,,,,,,
2021-03-04,CL,085018,Serradifalco,37.453843,13.880463,,0,0,5,5,0,0,86,1,92,,,,,,
2021-03-05,CL,085018,Serradifalco,37.453843,13.880463,,0,0,5,5,0,0,86,1,92,,,,,,
2021-03-06,CL,085018,Serradifalco,37.453843,13.880463,,0,0,15,15,10,10,86,1,102,,,,,,
2021-03-07,CL,085018,Serradifalco,37.453843,13.880463,,0,0,15,15,0,0,86,1,102,,,,,,
2021-03-08,CL,085018,Serradifalco,37.453843,13.880463,,0,0,16,16,1,1,86,1,103,,,,,,
2021-03-09,CL,085018,Serradifalco,37.453843,13.880463,,0,0,18,18,2,2,86,1,105,,,,,,
2021-03-10,CL,085018,Serradifalco,37.453843,13.880463,,0,0,21,21,3,3,86,1,108,,,,,,
2021-03-11,CL,085018,Serradifalco,37.453843,13.880463,,0,0,27,27,6,6,86,1,114,,,,,,
2021-03-13,CL,085018,Serradifalco,37.453843,13.880463,,0,1,38,39,12,13,87,1,127,,,,,,
2021-03-14,CL,085018,Serradifalco,37.453843,13.880463,,0,1,38,39,0,0,87,1,127,,,,,,
2021-03-15,CL,085018,Serradifalco,37.453843,13.880463,,0,1,44,45,6,6,87,1,133,,,,,,
2021-03-16,CL,085018,Serradifalco,37.453843,13.880463,,0,1,44,45,0,2,89,1,135,,,,,,
2021-03-17,CL,085018,Serradifalco,37.453843,13.880463,,0,1,43,44,-1,0,90,1,135,,,,,,
2021-03-18,CL,085018,Serradifalco,37.453843,13.880463,,0,1,50,51,7,7,90,1,142,,,,,,
2021-03-19,CL,085018,Serradifalco,37.453843,13.880463,,0,1,50,51,0,0,90,1,142,,,,,,
2021-03-20,CL,085018,Serradifalco,37.453843,13.880463,,0,1,51,52,1,1,90,1,143,,,,,,
2021-03-21,CL,085018,Serradifalco,37.453843,13.880463,,0,1,51,52,0,0,90,1,143,,,,,,
2021-03-22,CL,085018,Serradifalco,37.453843,13.880463,,0,2,56,58,6,7,91,1,150,,,,,,
2021-03-23,CL,085018,Serradifalco,37.453843,13.880463,,0,2,56,58,0,0,91,1,150,,,,,,
2021-03-24,CL,085018,Serradifalco,37.453843,13.880463,,0,2,62,64,6,7,92,1,157,,,,,,
2021-03-25,CL,085018,Serradifalco,37.453843,13.880463,,0,2,62,64,0,0,92,1,157,,,,,,
2021-03-26,CL,085018,Serradifalco,37.453843,13.880463,,0,3,62,65,1,1,92,1,158,,,,,,
2021-03-27,CL,085018,Serradifalco,37.453843,13.880463,,1,3,62,65,0,0,92,1,158,,,,,,
2021-03-28,CL,085018,Serradifalco,37.453843,13.880463,,1,3,55,58,-7,3,102,1,161,,,,,,
2021-03-29,CL,085018,Serradifalco,37.453843,13.880463,,1,3,58,61,3,3,102,1,164,,,,,,
2021-03-30,CL,085018,Serradifalco,37.453843,13.880463,,2,3,55,58,-3,1,106,1,165,,,,,,
2021-03-31,CL,085018,Serradifalco,37.453843,13.880463,,2,3,52,55,-3,1,110,1,166,,,,,,
2021-04-04,CL,085018,Serradifalco,37.453843,13.880463,,1,1,44,45,-10,1,120,2,167,,,,,,
2021-04-05,CL,085018,Serradifalco,37.453843,13.880463,,1,1,44,45,0,0,120,2,167,,,,,,
2021-04-06,CL,085018,Serradifalco,37.453843,13.880463,,1,1,40,41,-4,1,125,2,168,,,,,,
2021-04-07,CL,085018,Serradifalco,37.453843,13.880463,,1,1,38,39,-2,0,127,2,168,,,,,,
2021-04-08,CL,085018,Serradifalco,37.453843,13.880463,,1,1,39,40,1,1,127,2,169,,,,,,
2021-04-09,CL,085018,Serradifalco,37.453843,13.880463,,1,1,43,44,4,11,134,2,180,,,,,,
2021-04-10,CL,085018,Serradifalco,37.453843,13.880463,,1,1,35,36,-8,0,142,2,180,,,,,,
2021-04-12,CL,085018,Serradifalco,37.453843,13.880463,,1,1,34,35,-1,4,147,2,184,,,,,,
2021-04-13,CL,085018,Serradifalco,37.453843,13.880463,,1,1,35,36,1,2,148,2,186,,,,,,
2021-04-14,CL,085018,Serradifalco,37.453843,13.880463,,1,1,35,36,0,0,148,2,186,,,,,,
2021-04-15,CL,085018,Serradifalco,37.453843,13.880463,,1,1,35,36,0,0,148,2,186,,,,,,
2021-04-16,CL,085018,Serradifalco,37.453843,13.880463,,1,1,38,39,3,3,148,2,189,,,,,,
2021-04-17,CL,085018,Serradifalco,37.453843,13.880463,,1,1,46,47,8,8,148,2,197,,,,,,
2021-04-22,CL,085018,Serradifalco,37.453843,13.880463,,0,0,42,42,-5,14,166,3,211,,,,,,
2021-04-23,CL,085018,Serradifalco,37.453843,13.880463,,0,0,42,42,0,1,167,3,212,,,,,,
2021-04-24,CL,085018,Serradifalco,37.453843,13.880463,,0,0,46,46,4,4,167,3,216,,,,,,
2021-04-27,CL,085018,Serradifalco,37.453843,13.880463,,0,2,54,56,10,16,173,3,232,,,,,,
2021-04-28,CL,085018,Serradifalco,37.453843,13.880463,,1,2,50,52,-4,0,177,3,232,,,,,,
2021-04-29,CL,085018,Serradifalco,37.453843,13.880463,,1,3,50,53,1,1,177,3,233,,,,,,
2021-04-30,CL,085018,Serradifalco,37.453843,13.880463,,1,3,49,52,-1,0,178,3,233,,,,,,
2021-05-01,CL,085018,Serradifalco,37.453843,13.880463,,1,3,47,50,-2,2,182,3,235,,,,,,
2021-05-02,CL,085018,Serradifalco,37.453843,13.880463,,1,3,46,49,-1,0,183,3,235,,,,,,
2021-05-04,CL,085018,Serradifalco,37.453843,13.880463,,1,3,52,55,6,9,186,3,244,,,,,,
2021-05-07,CL,085018,Serradifalco,37.453843,13.880463,,0,2,54,56,1,12,196,4,256,,,,,,
2021-05-10,CL,085018,Serradifalco,37.453843,13.880463,,0,3,30,33,-23,1,220,4,257,,,,,,
2021-05-15,CL,085018,Serradifalco,37.453843,13.880463,,0,3,23,26,-7,3,230,4,260,,,,,,
2021-05-16,CL,085018,Serradifalco,37.453843,13.880463,,0,3,22,25,-1,0,231,4,260,,,,,,
2021-05-17,CL,085018,Serradifalco,37.453843,13.880463,,0,3,22,25,0,0,231,4,260,,,,,,
2021-05-18,CL,085018,Serradifalco,37.453843,13.880463,,0,3,23,26,1,2,232,4,262,,,,,,
2021-05-19,CL,085018,Serradifalco,37.453843,13.880463,,0,2,23,25,-1,0,233,4,262,,,,,,
2021-05-21,CL,085018,Serradifalco,37.453843,13.880463,,0,2,18,20,-5,0,238,4,262,,,,,,
2021-05-22,CL,085018,Serradifalco,37.453843,13.880463,,0,2,18,20,0,0,238,4,262,,,,,,
2021-05-23,CL,085018,Serradifalco,37.453843,13.880463,,0,2,16,18,-2,0,240,4,262,,,,,,
2021-05-24,CL,085018,Serradifalco,37.453843,13.880463,,0,2,12,14,-4,0,244,4,262,,,,,,
2021-06-03,CL,085018,Serradifalco,37.453843,13.880463,,0,0,1,1,-13,0,257,4,262,,,,,,
2021-06-05,CL,085018,Serradifalco,37.453843,13.880463,,0,0,1,1,0,0,257,4,262,,,,,,
2021-06-10,CL,085018,Serradifalco,37.453843,13.880463,,0,0,0,0,-1,0,258,4,262,,,,,,
2021-06-12,CL,085018,Serradifalco,37.453843,13.880463,,0,0,0,0,0,0,258,4,262,,,,,,
2021-06-17,CL,085018,Serradifalco,37.453843,13.880463,,0,0,1,1,1,1,258,4,263,,,,,,
2021-06-18,CL,085018,Serradifalco,37.453843,13.880463,,0,0,1,1,0,0,258,4,263,,,,,,
2021-06-19,CL,085018,Serradifalco,37.453843,13.880463,,0,0,2,2,1,1,258,4,264,,,,,,
2021-06-21,CL,085018,Serradifalco,37.453843,13.880463,,0,0,2,2,0,0,258,4,264,,,,,,
2021-06-26,CL,085018,Serradifalco,37.453843,13.880463,,0,0,2,2,0,0,258,4,264,,,,,,
2021-06-30,CL,085018,Serradifalco,37.453843,13.880463,,0,0,2,2,0,0,258,4,264,,,,,,
2021-07-01,CL,085018,Serradifalco,37.453843,13.880463,,0,0,2,2,0,0,258,4,264,,,,,,
2021-07-02,CL,085018,Serradifalco,37.453843,13.880463,,0,0,3,3,1,1,258,4,265,,,,,,
2021-07-03,CL,085018,Serradifalco,37.453843,13.880463,,0,0,3,3,0,0,258,4,265,,,,,,
2021-07-04,CL,085018,Serradifalco,37.453843,13.880463,,0,0,3,3,0,0,258,4,265,,,,,,
2021-07-06,CL,085018,Serradifalco,37.453843,13.880463,,0,0,3,3,0,0,258,4,265,,,,,,
2021-07-07,CL,085018,Serradifalco,37.453843,13.880463,,0,0,3,3,0,0,258,4,265,,,,,,
2021-07-08,CL,085018,Serradifalco,37.453843,13.880463,,0,0,3,3,0,1,259,4,266,,,,,,
2021-07-09,CL,085018,Serradifalco,37.453843,13.880463,,0,0,2,2,-1,0,260,4,266,,,,,,
2021-07-10,CL,085018,Serradifalco,37.453843,13.880463,,0,0,2,2,0,0,260,4,266,,,,,,
2021-07-11,CL,085018,Serradifalco,37.453843,13.880463,,0,0,4,4,2,2,260,4,268,,,,,,
2021-07-12,CL,085018,Serradifalco,37.453843,13.880463,,0,0,4,4,0,0,260,4,268,,,,,,
2021-07-13,CL,085018,Serradifalco,37.453843,13.880463,,0,0,4,4,0,0,260,4,268,,,,,,
2021-07-14,CL,085018,Serradifalco,37.453843,13.880463,,0,0,6,6,2,3,261,4,271,,,,,,
2021-07-15,CL,085018,Serradifalco,37.453843,13.880463,,0,0,6,6,0,0,261,4,271,,,,,,
2021-07-16,CL,085018,Serradifalco,37.453843,13.880463,,0,0,6,6,0,0,261,4,271,,,,,,
2021-07-17,CL,085018,Serradifalco,37.453843,13.880463,,0,0,6,6,0,0,261,4,271,,,,,,
2021-07-18,CL,085018,Serradifalco,37.453843,13.880463,,0,0,6,6,0,0,261,4,271,,,,,,
2021-07-19,CL,085018,Serradifalco,37.453843,13.880463,,0,0,5,5,-1,0,262,4,271,,,,,,
2021-07-20,CL,085018,Serradifalco,37.453843,13.880463,,0,0,5,5,0,0,262,4,271,,,,,,
2021-07-21,CL,085018,Serradifalco,37.453843,13.880463,,0,0,5,5,0,0,262,4,271,,,,,,
2021-07-23,CL,085018,Serradifalco,37.453843,13.880463,,0,0,6,6,1,4,265,4,275,,,,,,
2021-07-24,CL,085018,Serradifalco,37.453843,13.880463,,0,0,7,7,1,1,265,4,276,,,,,,
2021-07-25,CL,085018,Serradifalco,37.453843,13.880463,,0,0,8,8,1,1,265,4,277,,,,,,
2021-07-26,CL,085018,Serradifalco,37.453843,13.880463,,0,0,7,7,-1,0,266,4,277,,,,,,
2021-07-27,CL,085018,Serradifalco,37.453843,13.880463,,0,0,7,7,0,0,266,4,277,,,,,,
2021-07-28,CL,085018,Serradifalco,37.453843,13.880463,,0,0,7,7,0,0,266,4,277,,,,,,
2021-07-29,CL,085018,Serradifalco,37.453843,13.880463,,0,0,7,7,0,0,266,4,277,,,,,,
2021-07-30,CL,085018,Serradifalco,37.453843,13.880463,,0,0,7,7,0,0,266,4,277,,,,,,
2021-07-31,CL,085018,Serradifalco,37.453843,13.880463,,0,0,7,7,0,0,266,4,277,,,,,,
2021-08-01,CL,085018,Serradifalco,37.453843,13.880463,,0,0,6,6,-1,0,267,4,277,,,,,,
2021-08-02,CL,085018,Serradifalco,37.453843,13.880463,,0,0,5,5,-1,0,268,4,277,,,,,,
2021-08-03,CL,085018,Serradifalco,37.453843,13.880463,,0,0,6,6,1,1,268,4,278,,,,,,
2021-08-04,CL,085018,Serradifalco,37.453843,13.880463,,0,0,5,5,-1,0,269,4,278,,,,,,
2021-08-06,CL,085018,Serradifalco,37.453843,13.880463,,0,0,9,9,4,4,269,4,282,,,,,,
2021-08-09,CL,085018,Serradifalco,37.453843,13.880463,,0,0,11,11,2,2,269,4,284,,,,,,
2021-08-10,CL,085018,Serradifalco,37.453843,13.880463,,0,0,11,11,0,0,269,4,284,,,,,,
2021-08-12,CL,085018,Serradifalco,37.453843,13.880463,,0,0,9,9,-2,1,272,4,285,,,,,,
2021-08-13,CL,085018,Serradifalco,37.453843,13.880463,,0,1,8,9,0,0,272,4,285,,,,,,
2021-08-14,CL,085018,Serradifalco,37.453843,13.880463,,0,1,7,8,-1,0,273,4,285,,,,,,
2021-08-15,CL,085018,Serradifalco,37.453843,13.880463,,0,1,7,8,0,0,273,4,285,,,,,,
2021-08-16,CL,085018,Serradifalco,37.453843,13.880463,,0,1,7,8,0,0,273,4,285,,,,,,
2021-08-17,CL,085018,Serradifalco,37.453843,13.880463,,0,1,5,6,-2,0,275,4,285,,,,,,
2021-08-18,CL,085018,Serradifalco,37.453843,13.880463,,0,1,5,6,0,0,275,4,285,,,,,,
2021-08-19,CL,085018,Serradifalco,37.453843,13.880463,,0,1,5,6,0,0,275,4,285,,,,,,
2021-08-20,CL,085018,Serradifalco,37.453843,13.880463,,0,0,5,5,-1,0,276,4,285,,,,,,
2021-08-21,CL,085018,Serradifalco,37.453843,13.880463,,0,0,5,5,0,0,276,4,285,,,,,,
2021-08-22,CL,085018,Serradifalco,37.453843,13.880463,,0,0,7,7,2,2,276,4,287,,,,,,
2021-08-23,CL,085018,Serradifalco,37.453843,13.880463,,0,0,7,7,0,0,276,4,287,,,,,,
2021-08-24,CL,085018,Serradifalco,37.453843,13.880463,,0,0,8,8,1,1,276,4,288,,,,,,
2021-08-25,CL,085018,Serradifalco,37.453843,13.880463,,0,0,13,13,5,5,276,4,293,,,,,,
2021-08-28,CL,085018,Serradifalco,37.453843,13.880463,,0,1,24,25,12,15,279,4,308,,,,,,
2021-08-29,CL,085018,Serradifalco,37.453843,13.880463,,0,1,23,24,-1,1,281,4,309,,,,,,
2021-08-30,CL,085018,Serradifalco,37.453843,13.880463,,0,1,23,24,0,0,281,4,309,,,,,,
2021-08-31,CL,085018,Serradifalco,37.453843,13.880463,,0,1,22,23,-1,0,282,4,309,,,,,,
2021-09-01,CL,085018,Serradifalco,37.453843,13.880463,,0,1,22,23,0,0,282,4,309,,,,,,
2021-09-03,CL,085018,Serradifalco,37.453843,13.880463,,0,1,25,26,3,3,282,4,312,,,,,,
2021-09-04,CL,085018,Serradifalco,37.453843,13.880463,,0,1,24,25,-1,0,283,4,312,,,,,,
2021-09-05,CL,085018,Serradifalco,37.453843,13.880463,,0,1,23,24,-1,0,284,4,312,,,,,,
2021-09-06,CL,085018,Serradifalco,37.453843,13.880463,,0,1,24,25,1,1,284,4,313,,,,,,
2021-09-07,CL,085018,Serradifalco,37.453843,13.880463,,0,1,17,18,-7,1,292,4,314,,,,,,
2021-09-08,CL,085018,Serradifalco,37.453843,13.880463,,0,1,17,18,0,0,292,4,314,,,,,,
2021-09-09,CL,085018,Serradifalco,37.453843,13.880463,,0,1,17,18,0,0,292,4,314,,,,,,
2021-09-10,CL,085018,Serradifalco,37.453843,13.880463,,0,1,18,19,1,1,292,4,315,,,,,,
2021-09-11,CL,085018,Serradifalco,37.453843,13.880463,,0,1,18,19,0,0,292,4,315,,,,,,
2021-09-12,CL,085018,Serradifalco,37.453843,13.880463,,0,1,16,17,-2,0,294,4,315,,,,,,
2021-09-13,CL,085018,Serradifalco,37.453843,13.880463,,0,2,10,12,-5,0,299,4,315,,,,,,
2021-09-14,CL,085018,Serradifalco,37.453843,13.880463,,0,2,9,11,-1,0,300,4,315,,,,,,
2021-09-15,CL,085018,Serradifalco,37.453843,13.880463,,0,2,9,11,0,0,300,4,315,,,,,,
2021-09-16,CL,085018,Serradifalco,37.453843,13.880463,,0,1,16,17,6,7,301,4,322,,,,,,
2021-09-17,CL,085018,Serradifalco,37.453843,13.880463,,0,2,37,39,22,24,303,4,346,,,,,,
2021-09-18,CL,085018,Serradifalco,37.453843,13.880463,,0,2,37,39,0,1,304,4,347,,,,,,
2021-09-19,CL,085018,Serradifalco,37.453843,13.880463,,0,3,34,37,-2,0,306,4,347,,,,,,
2021-09-20,CL,085018,Serradifalco,37.453843,13.880463,,0,3,37,40,3,3,306,4,350,,,,,,
2021-09-21,CL,085018,Serradifalco,37.453843,13.880463,,0,3,36,39,-1,0,307,4,350,,,,,,
2021-09-22,CL,085018,Serradifalco,37.453843,13.880463,,0,2,35,37,-2,0,309,4,350,,,,,,
2021-09-23,CL,085018,Serradifalco,37.453843,13.880463,,0,2,36,38,1,2,310,4,352,,,,,,
2021-09-24,CL,085018,Serradifalco,37.453843,13.880463,,0,3,35,38,0,0,310,4,352,,,,,,
2021-09-25,CL,085018,Serradifalco,37.453843,13.880463,,0,4,33,37,-1,0,311,4,352,,,,,,
2021-09-26,CL,085018,Serradifalco,37.453843,13.880463,,0,4,23,27,-10,0,321,4,352,,,,,,
2021-09-27,CL,085018,Serradifalco,37.453843,13.880463,,0,4,22,26,-1,0,322,4,352,,,,,,
2021-09-28,CL,085018,Serradifalco,37.453843,13.880463,,0,4,20,24,-2,0,324,4,352,,,,,,
2021-09-29,CL,085018,Serradifalco,37.453843,13.880463,,0,4,20,24,0,0,324,4,352,,,,,,
2021-09-30,CL,085018,Serradifalco,37.453843,13.880463,,0,4,20,24,0,0,324,4,352,,,,,,
2021-10-01,CL,085018,Serradifalco,37.453843,13.880463,,0,4,20,24,0,0,324,4,352,,,,,,
2021-10-02,CL,085018,Serradifalco,37.453843,13.880463,,0,4,19,23,-1,0,325,4,352,,,,,,
2021-10-03,CL,085018,Serradifalco,37.453843,13.880463,,0,4,18,22,-1,0,326,4,352,,,,,,
2021-10-04,CL,085018,Serradifalco,37.453843,13.880463,,0,3,15,18,-4,0,330,4,352,,,,,,
2021-10-05,CL,085018,Serradifalco,37.453843,13.880463,,0,3,15,18,0,0,330,4,352,,,,,,
2021-10-06,CL,085018,Serradifalco,37.453843,13.880463,,0,2,10,12,-6,0,336,4,352,,,,,,
2021-10-07,CL,085018,Serradifalco,37.453843,13.880463,,0,2,10,12,0,0,336,4,352,,,,,,
2021-10-08,CL,085018,Serradifalco,37.453843,13.880463,,0,2,2,4,-8,0,344,4,352,,,,,,
2021-10-09,CL,085018,Serradifalco,37.453843,13.880463,,0,2,2,4,0,0,344,4,352,,,,,,
2021-10-10,CL,085018,Serradifalco,37.453843,13.880463,,0,2,1,3,-1,0,345,4,352,,,,,,
2021-10-11,CL,085018,Serradifalco,37.453843,13.880463,,0,2,1,3,0,0,345,4,352,,,,,,
2021-10-12,CL,085018,Serradifalco,37.453843,13.880463,,0,2,0,2,-1,0,346,4,352,,,,,,
2021-10-13,CL,085018,Serradifalco,37.453843,13.880463,,0,0,2,2,0,0,346,4,352,,,,,,