data,sigla_provincia,codice_comune,denominazione_comune,lat,long,ricoverati_con_sintomi,terapia_intensiva,totale_ospedalizzati,isolamento_domiciliare,totale_positivi,variazione_totale_positivi,nuovi_positivi,dimessi_guariti,deceduti,totale_casi,tamponi,casi_testati,note,ingressi_terapia_intensiva,note_test,note_casi
2021-03-01,CL,085006,Delia,37.356036,13.927289,,0,0,2,2,,,29,0,31,,,,,,
2021-03-02,CL,085006,Delia,37.356036,13.927289,,0,0,2,2,0,0,29,0,31,,,,,,
2021-03-03,CL,085006,Delia,37.356036,13.927289,,0,0,2,2,0,0,29,0,31,,,,,,
2021-03-04,CL,085006,Delia,37.356036,13.927289,,0,0,8,8,6,6,29,0,37,,,,,,
2021-03-05,CL,085006,Delia,37.356036,13.927289,,0,0,8,8,0,0,29,0,37,,,,,,
2021-03-06,CL,085006,Delia,37.356036,13.927289,,0,0,12,12,4,4,29,0,41,,,,,,
2021-03-07,CL,085006,Delia,37.356036,13.927289,,0,0,12,12,0,0,29,0,41,,,,,,
2021-03-08,CL,085006,Delia,37.356036,13.927289,,0,0,11,11,-1,0,30,0,41,,,,,,
2021-03-09,CL,085006,Delia,37.356036,13.927289,,0,0,11,11,0,0,30,0,41,,,,,,
2021-03-10,CL,085006,Delia,37.356036,13.927289,,0,0,10,10,-1,0,31,0,41,,,,,,
2021-03-11,CL,085006,Delia,37.356036,13.927289,,0,0,10,10,0,0,31,0,41,,,,,,
2021-03-13,CL,085006,Delia,37.356036,13.927289,,0,1,10,11,1,1,31,0,42,,,,,,
2021-03-14,CL,085006,Delia,37.356036,13.927289,,0,1,10,11,0,0,31,0,42,,,,,,
2021-03-15,CL,085006,Delia,37.356036,13.927289,,0,1,10,11,0,0,31,0,42,,,,,,
2021-03-16,CL,085006,Delia,37.356036,13.927289,,0,1,10,11,0,0,31,0,42,,,,,,
2021-03-17,CL,085006,Delia,37.356036,13.927289,,0,1,10,11,0,0,31,0,42,,,,,,
2021-03-18,CL,085006,Delia,37.356036,13.927289,,0,1,11,12,1,1,31,0,43,,,,,,
2021-03-19,CL,085006,Delia,37.356036,13.927289,,0,1,11,12,0,0,31,0,43,,,,,,
2021-03-20,CL,085006,Delia,37.356036,13.927289,,0,1,11,12,0,0,31,0,43,,,,,,
2021-03-21,CL,085006,Delia,37.356036,13.927289,,0,1,14,15,3,3,31,0,46,,,,,,
2021-03-22,CL,085006,Delia,37.356036,13.927289,,1,1,14,15,0,0,31,0,46,,,,,,
2021-03-23,CL,085006,Delia,37.356036,13.927289,,1,1,14,15,0,0,31,0,46,,,,,,
2021-03-24,CL,085006,Delia,37.356036,13.927289,,1,1,14,15,0,0,31,0,46,,,,,,
2021-03-25,CL,085006,Delia,37.356036,13.927289,,1,1,14,15,0,0,31,0,46,,,,,,
2021-03-26,CL,085006,Delia,37.356036,13.927289,,1,1,15,16,1,1,31,0,47,,,,,,
2021-03-27,CL,085006,Delia,37.356036,13.927289,,1,1,13,14,-2,2,35,0,49,,,,,,
2021-03-28,CL,085006,Delia,37.356036,13.927289,,1,1,10,11,-3,0,38,0,49,,,,,,
2021-03-29,CL,085006,Delia,37.356036,13.927289,,1,1,11,12,1,1,38,0,50,,,,,,
2021-03-30,CL,085006,Delia,37.356036,13.927289,,1,1,11,12,0,1,39,0,51,,,,,,
2021-03-31,CL,085006,Delia,37.356036,13.927289,,1,1,12,13,1,1,39,0,52,,,,,,
2021-04-04,CL,085006,Delia,37.356036,13.927289,,0,0,12,12,-1,2,41,1,54,,,,,,
2021-04-05,CL,085006,Delia,37.356036,13.927289,,0,1,12,13,1,1,41,1,55,,,,,,
2021-04-06,CL,085006,Delia,37.356036,13.927289,,0,1,13,14,1,1,41,1,56,,,,,,
2021-04-07,CL,085006,Delia,37.356036,13.927289,,0,1,13,14,0,0,41,1,56,,,,,,
2021-04-08,CL,085006,Delia,37.356036,13.927289,,0,1,13,14,0,0,41,1,56,,,,,,
2021-04-09,CL,085006,Delia,37.356036,13.927289,,0,1,13,14,0,0,41,1,56,,,,,,
2021-04-10,CL,085006,Delia,37.356036,13.927289,,0,2,15,17,3,4,42,1,60,,,,,,
2021-04-12,CL,085006,Delia,37.356036,13.927289,,0,2,14,16,-1,0,43,1,60,,,,,,
2021-04-13,CL,085006,Delia,37.356036,13.927289,,0,2,13,15,-1,-1,43,1,59,,,,,,
2021-04-14,CL,085006,Delia,37.356036,13.927289,,0,2,15,17,2,4,45,1,63,,,,,,
2021-04-15,CL,085006,Delia,37.356036,13.927289,,0,2,15,17,0,0,45,1,63,,,,,,
2021-04-16,CL,085006,Delia,37.356036,13.927289,,0,2,15,17,0,0,45,1,63,,,,,,
2021-04-17,CL,085006,Delia,37.356036,13.927289,,0,2,13,15,-2,0,47,1,63,,,,,,
2021-04-22,CL,085006,Delia,37.356036,13.927289,,0,2,14,16,1,4,50,1,67,,,,,,
2021-04-23,CL,085006,Delia,37.356036,13.927289,,1,2,13,15,-1,0,51,1,67,,,,,,
2021-04-24,CL,085006,Delia,37.356036,13.927289,,1,2,12,14,-1,0,52,1,67,,,,,,
2021-04-27,CL,085006,Delia,37.356036,13.927289,,0,1,13,14,0,5,56,2,72,,,,,,
2021-04-28,CL,085006,Delia,37.356036,13.927289,,0,1,13,14,0,0,56,2,72,,,,,,
2021-04-29,CL,085006,Delia,37.356036,13.927289,,0,1,13,14,0,0,56,2,72,,,,,,
2021-04-30,CL,085006,Delia,37.356036,13.927289,,0,1,10,11,-3,0,59,2,72,,,,,,
2021-05-01,CL,085006,Delia,37.356036,13.927289,,0,1,10,11,0,0,59,2,72,,,,,,
2021-05-02,CL,085006,Delia,37.356036,13.927289,,0,1,9,10,-1,0,60,2,72,,,,,,
2021-05-04,CL,085006,Delia,37.356036,13.927289,,0,1,9,10,0,0,60,2,72,,,,,,
2021-05-07,CL,085006,Delia,37.356036,13.927289,,0,0,11,11,1,3,62,2,75,,,,,,
2021-05-10,CL,085006,Delia,37.356036,13.927289,,0,0,7,7,-4,1,67,2,76,,,,,,
2021-05-15,CL,085006,Delia,37.356036,13.927289,,0,0,4,4,-3,-2,68,2,74,,,,,,
2021-05-16,CL,085006,Delia,37.356036,13.927289,,0,0,4,4,0,0,68,2,74,,,,,,
2021-05-17,CL,085006,Delia,37.356036,13.927289,,0,0,2,2,-2,0,70,2,74,,,,,,
2021-05-18,CL,085006,Delia,37.356036,13.927289,,0,0,2,2,0,0,70,2,74,,,,,,
2021-05-19,CL,085006,Delia,37.356036,13.927289,,0,0,2,2,0,0,70,2,74,,,,,,
2021-05-21,CL,085006,Delia,37.356036,13.927289,,0,0,0,0,-2,0,72,2,74,,,,,,
2021-05-22,CL,085006,Delia,37.356036,13.927289,,0,0,1,1,1,1,72,2,75,,,,,,
2021-05-23,CL,085006,Delia,37.356036,13.927289,,0,0,1,1,0,0,72,2,75,,,,,,
2021-05-24,CL,085006,Delia,37.356036,13.927289,,0,0,2,2,1,1,72,2,76,,,,,,
2021-06-03,CL,085006,Delia,37.356036,13.927289,,0,0,4,4,2,2,72,2,78,,,,,,
2021-06-05,CL,085006,Delia,37.356036,13.927289,,0,0,4,4,0,0,72,2,78,,,,,,
2021-06-10,CL,085006,Delia,37.356036,13.927289,,0,0,3,3,-1,0,73,2,78,,,,,,
2021-06-12,CL,085006,Delia,37.356036,13.927289,,0,0,3,3,0,0,73,2,78,,,,,,
2021-06-17,CL,085006,Delia,37.356036,13.927289,,0,0,1,1,-2,0,75,2,78,,,,,,
2021-06-18,CL,085006,Delia,37.356036,13.927289,,0,0,1,1,0,0,75,2,78,,,,,,
2021-06-19,CL,085006,Delia,37.356036,13.927289,,0,0,1,1,0,0,75,2,78,,,,,,
2021-06-21,CL,085006,Delia,37.356036,13.927289,,0,0,0,0,-1,0,76,2,78,,,,,,
2021-06-26,CL,085006,Delia,37.356036,13.927289,,0,0,0,0,0,0,76,2,78,,,,,,
2021-06-30,CL,085006,Delia,37.356036,13.927289,,0,0,0,0,0,0,76,2,78,,,,,,
2021-07-01,CL,085006,Delia,37.356036,13.927289,,0,0,0,0,0,0,76,2,78,,,,,,
2021-07-02,CL,085006,Delia,37.356036,13.927289,,0,0,0,0,0,0,76,2,78,,,,,,
2021-07-03,CL,085006,Delia,37.356036,13.927289,,0,0,0,0,0,0,76,2,78,,,,,,
2021-07-04,CL,085006,Delia,37.356036,13.927289,,0,0,0,0,0,0,76,2,78,,,,,,
2021-07-06,CL,085006,Delia,37.356036,13.927289,,0,0,0,0,0,0,76,2,78,,,,,,
2021-07-07,CL,085006,Delia,37.356036,13.927289,,0,0,0,0,0,0,76,2,78,,,,,,
2021-07-08,CL,085006,Delia,37.356036,13.927289,,0,0,2,2,2,2,76,2,80,,,,,,
2021-07-09,CL,085006,Delia,37.356036,13.927289,,0,0,2,2,0,0,76,2,80,,,,,,
2021-07-10,CL,085006,Delia,37.356036,13.927289,,0,0,2,2,0,0,76,2,80,,,,,,
2021-07-11,CL,085006,Delia,37.356036,13.927289,,0,0,2,2,0,0,76,2,80,,,,,,
2021-07-12,CL,085006,Delia,37.356036,13.927289,,0,0,2,2,0,0,76,2,80,,,,,,
2021-07-13,CL,085006,Delia,37.356036,13.927289,,0,0,2,2,0,0,76,2,80,,,,,,
2021-07-14,CL,085006,Delia,37.356036,13.927289,,0,0,2,2,0,0,76,2,80,,,,,,
2021-07-15,CL,085006,Delia,37.356036,13.927289,,0,0,2,2,0,0,76,2,80,,,,,,
2021-07-16,CL,085006,Delia,37.356036,13.927289,,0,0,2,2,0,0,76,2,80,,,,,,
2021-07-17,CL,085006,Delia,37.356036,13.927289,,0,0,2,2,0,0,76,2,80,,,,,,
2021-07-18,CL,085006,Delia,37.356036,13.927289,,0,0,2,2,0,0,76,2,80,,,,,,
2021-07-19,CL,085006,Delia,37.356036,13.927289,,0,0,2,2,0,0,76,2,80,,,,,,
2021-07-20,CL,085006,Delia,37.356036,13.927289,,0,0,2,2,0,0,76,2,80,,,,,,
2021-07-21,CL,085006,Delia,37.356036,13.927289,,0,0,2,2,0,0,76,2,80,,,,,,
2021-07-23,CL,085006,Delia,37.356036,13.927289,,0,0,1,1,-1,0,77,2,80,,,,,,
2021-07-24,CL,085006,Delia,37.356036,13.927289,,0,0,1,1,0,0,77,2,80,,,,,,
2021-07-25,CL,085006,Delia,37.356036,13.927289,,0,0,1,1,0,0,77,2,80,,,,,,
2021-07-26,CL,085006,Delia,37.356036,13.927289,,0,0,1,1,0,0,77,2,80,,,,,,
2021-07-27,CL,085006,Delia,37.356036,13.927289,,0,0,8,8,7,7,77,2,87,,,,,,
2021-07-28,CL,085006,Delia,37.356036,13.927289,,0,0,11,11,3,3,77,2,90,,,,,,
2021-07-29,CL,085006,Delia,37.356036,13.927289,,0,1,10,11,0,0,77,2,90,,,,,,
2021-07-30,CL,085006,Delia,37.356036,13.927289,,0,1,12,13,2,2,77,2,92,,,,,,
2021-07-31,CL,085006,Delia,37.356036,13.927289,,0,1,10,11,-2,1,80,2,93,,,,,,
2021-08-01,CL,085006,Delia,37.356036,13.927289,,0,1,10,11,0,0,80,2,93,,,,,,
2021-08-02,CL,085006,Delia,37.356036,13.927289,,0,1,11,12,1,1,80,2,94,,,,,,
2021-08-03,CL,085006,Delia,37.356036,13.927289,,0,1,11,12,0,0,80,2,94,,,,,,
2021-08-04,CL,085006,Delia,37.356036,13.927289,,0,1,11,12,0,0,80,2,94,,,,,,
2021-08-06,CL,085006,Delia,37.356036,13.927289,,0,2,11,13,1,1,80,2,95,,,,,,
2021-08-09,CL,085006,Delia,37.356036,13.927289,,0,1,14,15,2,2,80,2,97,,,,,,
2021-08-10,CL,085006,Delia,37.356036,13.927289,,0,1,14,15,0,0,80,2,97,,,,,,
2021-08-12,CL,085006,Delia,37.356036,13.927289,,0,1,9,10,-5,0,85,2,97,,,,,,
2021-08-13,CL,085006,Delia,37.356036,13.927289,,0,1,9,10,0,0,85,2,97,,,,,,
2021-08-14,CL,085006,Delia,37.356036,13.927289,,0,1,7,8,-2,0,87,2,97,,,,,,
2021-08-15,CL,085006,Delia,37.356036,13.927289,,0,0,7,7,-1,0,87,3,97,,,,,,
2021-08-16,CL,085006,Delia,37.356036,13.927289,,0,0,8,8,1,1,87,3,98,,,,,,
2021-08-17,CL,085006,Delia,37.356036,13.927289,,0,0,8,8,0,2,89,3,100,,,,,,
2021-08-18,CL,085006,Delia,37.356036,13.927289,,0,0,7,7,-1,0,90,3,100,,,,,,
2021-08-19,CL,085006,Delia,37.356036,13.927289,,0,0,7,7,0,0,90,3,100,,,,,,
2021-08-20,CL,085006,Delia,37.356036,13.927289,,0,0,7,7,0,0,90,3,100,,,,,,
2021-08-21,CL,085006,Delia,37.356036,13.927289,,0,0,6,6,-1,1,92,3,101,,,,,,
2021-08-22,CL,085006,Delia,37.356036,13.927289,,0,0,5,5,-1,0,93,3,101,,,,,,
2021-08-23,CL,085006,Delia,37.356036,13.927289,,0,0,5,5,0,0,93,3,101,,,,,,
2021-08-24,CL,085006,Delia,37.356036,13.927289,,0,0,5,5,0,0,93,3,101,,,,,,
2021-08-25,CL,085006,Delia,37.356036,13.927289,,0,0,5,5,0,0,93,3,101,,,,,,
2021-08-28,CL,085006,Delia,37.356036,13.927289,,0,1,4,5,0,0,93,3,101,,,,,,
2021-08-29,CL,085006,Delia,37.356036,13.927289,,0,1,4,5,0,0,93,3,101,,,,,,
2021-08-30,CL,085006,Delia,37.356036,13.927289,,0,1,2,3,-2,0,95,3,101,,,,,,
2021-08-31,CL,085006,Delia,37.356036,13.927289,,0,1,2,3,0,0,95,3,101,,,,,,
2021-09-01,CL,085006,Delia,37.356036,13.927289,,0,1,2,3,0,0,95,3,101,,,,,,
2021-09-03,CL,085006,Delia,37.356036,13.927289,,0,1,1,2,-1,0,96,3,101,,,,,,
2021-09-04,CL,085006,Delia,37.356036,13.927289,,0,0,2,2,0,0,96,3,101,,,,,,
2021-09-05,CL,085006,Delia,37.356036,13.927289,,0,0,2,2,0,0,96,3,101,,,,,,
2021-09-06,CL,085006,Delia,37.356036,13.927289,,0,0,2,2,0,0,96,3,101,,,,,,
2021-09-07,CL,085006,Delia,37.356036,13.927289,,0,0,2,2,0,0,96,3,101,,,,,,
2021-09-08,CL,085006,Delia,37.356036,13.927289,,0,0,2,2,0,0,96,3,101,,,,,,
2021-09-09,CL,085006,Delia,37.356036,13.927289,,0,0,2,2,0,0,96,3,101,,,,,,
2021-09-10,CL,085006,Delia,37.356036,13.927289,,0,0,2,2,0,0,96,3,101,,,,,,
2021-09-11,CL,085006,Delia,37.356036,13.927289,,0,0,2,2,0,0,96,3,101,,,,,,
2021-09-12,CL,085006,Delia,37.356036,13.927289,,0,0,2,2,0,0,96,3,101,,,,,,
2021-09-13,CL,085006,Delia,37.356036,13.927289,,0,0,1,1,-1,0,97,3,101,,,,,,
2021-09-14,CL,085006,Delia,37.356036,13.927289,,0,0,0,0,-1,0,98,3,101,,,,,,
2021-09-15,CL,085006,Delia,37.356036,13.927289,,0,0,0,0,0,0,98,3,101,,,,,,
2021-09-16,CL,085006,Delia,37.356036,13.927289,,0,0,0,0,0,0,98,3,101,,,,,,
2021-09-17,CL,085006,Delia,37.356036,13.927289,,0,0,0,0,0,0,98,3,101,,,,,,
2021-09-18,CL,085006,Delia,37.356036,13.927289,,0,0,0,0,0,0,98,3,101,,,,,,
2021-09-19,CL,085006,Delia,37.356036,13.927289,,0,0,0,0,0,0,98,3,101,,,,,,