data,sigla_provincia,codice_comune,denominazione_comune,lat,long,ricoverati_con_sintomi,terapia_intensiva,totale_ospedalizzati,isolamento_domiciliare,totale_positivi,variazione_totale_positivi,nuovi_positivi,dimessi_guariti,deceduti,totale_casi,tamponi,casi_testati,note,ingressi_terapia_intensiva,note_test,note_casi
2021-03-01,CL,085003,Butera,37.190354,14.183489,,0,0,3,3,,,76,0,79,,,,,,
2021-03-02,CL,085003,Butera,37.190354,14.183489,,0,0,3,3,0,0,76,0,79,,,,,,
2021-03-03,CL,085003,Butera,37.190354,14.183489,,0,0,3,3,0,0,76,0,79,,,,,,
2021-03-04,CL,085003,Butera,37.190354,14.183489,,0,0,3,3,0,0,76,0,79,,,,,,
2021-03-05,CL,085003,Butera,37.190354,14.183489,,0,0,3,3,0,0,76,0,79,,,,,,
2021-03-06,CL,085003,Butera,37.190354,14.183489,,0,0,3,3,0,0,76,0,79,,,,,,
2021-03-07,CL,085003,Butera,37.190354,14.183489,,0,0,2,2,-1,0,77,0,79,,,,,,
2021-03-08,CL,085003,Butera,37.190354,14.183489,,0,0,2,2,0,0,77,0,79,,,,,,
2021-03-09,CL,085003,Butera,37.190354,14.183489,,0,0,2,2,0,0,77,0,79,,,,,,
2021-03-10,CL,085003,Butera,37.190354,14.183489,,0,0,3,3,1,1,77,0,80,,,,,,
2021-03-11,CL,085003,Butera,37.190354,14.183489,,0,0,3,3,0,0,77,0,80,,,,,,
2021-03-13,CL,085003,Butera,37.190354,14.183489,,0,0,4,4,1,1,77,0,81,,,,,,
2021-03-14,CL,085003,Butera,37.190354,14.183489,,0,0,4,4,0,0,77,0,81,,,,,,
2021-03-15,CL,085003,Butera,37.190354,14.183489,,0,0,4,4,0,0,77,0,81,,,,,,
2021-03-16,CL,085003,Butera,37.190354,14.183489,,0,0,2,2,-2,0,79,0,81,,,,,,
2021-03-17,CL,085003,Butera,37.190354,14.183489,,0,0,2,2,0,0,79,0,81,,,,,,
2021-03-18,CL,085003,Butera,37.190354,14.183489,,0,0,2,2,0,0,79,0,81,,,,,,
2021-03-19,CL,085003,Butera,37.190354,14.183489,,0,0,2,2,0,0,79,0,81,,,,,,
2021-03-20,CL,085003,Butera,37.190354,14.183489,,0,0,1,1,-1,0,80,0,81,,,,,,
2021-03-21,CL,085003,Butera,37.190354,14.183489,,0,0,1,1,0,0,80,0,81,,,,,,
2021-03-22,CL,085003,Butera,37.190354,14.183489,,0,0,1,1,0,0,80,0,81,,,,,,
2021-03-23,CL,085003,Butera,37.190354,14.183489,,0,0,0,0,-1,0,81,0,81,,,,,,
2021-03-24,CL,085003,Butera,37.190354,14.183489,,0,0,0,0,0,0,81,0,81,,,,,,
2021-03-25,CL,085003,Butera,37.190354,14.183489,,0,0,1,1,1,1,81,0,82,,,,,,
2021-03-26,CL,085003,Butera,37.190354,14.183489,,0,0,1,1,0,0,81,0,82,,,,,,
2021-03-27,CL,085003,Butera,37.190354,14.183489,,0,0,1,1,0,0,81,0,82,,,,,,
2021-03-28,CL,085003,Butera,37.190354,14.183489,,0,0,1,1,0,0,81,0,82,,,,,,
2021-03-29,CL,085003,Butera,37.190354,14.183489,,0,0,1,1,0,0,81,0,82,,,,,,
2021-03-30,CL,085003,Butera,37.190354,14.183489,,0,0,1,1,0,0,81,0,82,,,,,,
2021-03-31,CL,085003,Butera,37.190354,14.183489,,0,0,1,1,0,0,81,0,82,,,,,,
2021-04-04,CL,085003,Butera,37.190354,14.183489,,0,0,4,4,3,3,81,0,85,,,,,,
2021-04-05,CL,085003,Butera,37.190354,14.183489,,0,0,4,4,0,0,81,0,85,,,,,,
2021-04-06,CL,085003,Butera,37.190354,14.183489,,0,0,4,4,0,0,81,0,85,,,,,,
2021-04-07,CL,085003,Butera,37.190354,14.183489,,0,0,4,4,0,0,81,0,85,,,,,,
2021-04-08,CL,085003,Butera,37.190354,14.183489,,0,0,4,4,0,0,81,0,85,,,,,,
2021-04-09,CL,085003,Butera,37.190354,14.183489,,0,0,5,5,1,1,81,0,86,,,,,,
2021-04-10,CL,085003,Butera,37.190354,14.183489,,0,0,5,5,0,0,81,0,86,,,,,,
2021-04-12,CL,085003,Butera,37.190354,14.183489,,0,0,5,5,0,0,81,0,86,,,,,,
2021-04-13,CL,085003,Butera,37.190354,14.183489,,0,0,5,5,0,0,81,0,86,,,,,,
2021-04-14,CL,085003,Butera,37.190354,14.183489,,0,0,5,5,0,0,81,0,86,,,,,,
2021-04-15,CL,085003,Butera,37.190354,14.183489,,0,0,5,5,0,0,81,0,86,,,,,,
2021-04-16,CL,085003,Butera,37.190354,14.183489,,0,0,5,5,0,0,81,0,86,,,,,,
2021-04-17,CL,085003,Butera,37.190354,14.183489,,0,0,5,5,0,0,81,0,86,,,,,,
2021-04-22,CL,085003,Butera,37.190354,14.183489,,0,0,5,5,0,0,81,0,86,,,,,,
2021-04-23,CL,085003,Butera,37.190354,14.183489,,0,0,6,6,1,1,81,0,87,,,,,,
2021-04-24,CL,085003,Butera,37.190354,14.183489,,0,0,6,6,0,0,81,0,87,,,,,,
2021-04-27,CL,085003,Butera,37.190354,14.183489,,0,0,6,6,0,0,81,0,87,,,,,,
2021-04-28,CL,085003,Butera,37.190354,14.183489,,0,0,6,6,0,0,81,0,87,,,,,,
2021-04-29,CL,085003,Butera,37.190354,14.183489,,0,0,6,6,0,0,81,0,87,,,,,,
2021-04-30,CL,085003,Butera,37.190354,14.183489,,0,0,6,6,0,0,81,0,87,,,,,,
2021-05-01,CL,085003,Butera,37.190354,14.183489,,0,0,7,7,1,1,81,0,88,,,,,,
2021-05-02,CL,085003,Butera,37.190354,14.183489,,0,0,7,7,0,0,81,0,88,,,,,,
2021-05-04,CL,085003,Butera,37.190354,14.183489,,0,0,8,8,1,1,81,0,89,,,,,,
2021-05-07,CL,085003,Butera,37.190354,14.183489,,0,0,16,16,8,9,82,0,98,,,,,,
2021-05-10,CL,085003,Butera,37.190354,14.183489,,0,0,15,15,-1,0,83,0,98,,,,,,
2021-05-15,CL,085003,Butera,37.190354,14.183489,,0,0,13,13,-2,1,86,0,99,,,,,,
2021-05-16,CL,085003,Butera,37.190354,14.183489,,0,0,13,13,0,0,86,0,99,,,,,,
2021-05-17,CL,085003,Butera,37.190354,14.183489,,0,0,13,13,0,0,86,0,99,,,,,,
2021-05-18,CL,085003,Butera,37.190354,14.183489,,0,0,11,11,-2,0,88,0,99,,,,,,
2021-05-19,CL,085003,Butera,37.190354,14.183489,,0,0,11,11,0,0,88,0,99,,,,,,
2021-05-21,CL,085003,Butera,37.190354,14.183489,,0,0,10,10,-1,0,89,0,99,,,,,,
2021-05-22,CL,085003,Butera,37.190354,14.183489,,0,0,10,10,0,0,89,0,99,,,,,,
2021-05-23,CL,085003,Butera,37.190354,14.183489,,0,0,10,10,0,0,89,0,99,,,,,,
2021-05-24,CL,085003,Butera,37.190354,14.183489,,0,0,9,9,-1,0,90,0,99,,,,,,
2021-06-03,CL,085003,Butera,37.190354,14.183489,,0,0,0,0,-9,0,99,0,99,,,,,,
2021-06-05,CL,085003,Butera,37.190354,14.183489,,0,0,0,0,0,0,99,0,99,,,,,,
2021-06-10,CL,085003,Butera,37.190354,14.183489,,0,0,0,0,0,0,99,0,99,,,,,,
2021-06-12,CL,085003,Butera,37.190354,14.183489,,0,0,0,0,0,0,99,0,99,,,,,,
2021-06-17,CL,085003,Butera,37.190354,14.183489,,0,0,1,1,1,1,99,0,100,,,,,,
2021-06-18,CL,085003,Butera,37.190354,14.183489,,0,0,1,1,0,0,99,0,100,,,,,,
2021-06-19,CL,085003,Butera,37.190354,14.183489,,0,0,1,1,0,0,99,0,100,,,,,,
2021-06-21,CL,085003,Butera,37.190354,14.183489,,0,0,1,1,0,0,99,0,100,,,,,,
2021-06-26,CL,085003,Butera,37.190354,14.183489,,0,0,2,2,1,1,99,0,101,,,,,,
2021-06-30,CL,085003,Butera,37.190354,14.183489,,0,0,2,2,0,0,99,0,101,,,,,,
2021-07-01,CL,085003,Butera,37.190354,14.183489,,0,0,2,2,0,0,99,0,101,,,,,,
2021-07-02,CL,085003,Butera,37.190354,14.183489,,0,0,2,2,0,0,99,0,101,,,,,,
2021-07-03,CL,085003,Butera,37.190354,14.183489,,0,0,2,2,0,0,99,0,101,,,,,,
2021-07-04,CL,085003,Butera,37.190354,14.183489,,0,0,2,2,0,0,99,0,101,,,,,,
2021-07-06,CL,085003,Butera,37.190354,14.183489,,0,0,1,1,-1,0,100,0,101,,,,,,
2021-07-07,CL,085003,Butera,37.190354,14.183489,,0,0,1,1,0,0,100,0,101,,,,,,
2021-07-08,CL,085003,Butera,37.190354,14.183489,,0,0,1,1,0,0,100,0,101,,,,,,
2021-07-09,CL,085003,Butera,37.190354,14.183489,,0,0,1,1,0,0,100,0,101,,,,,,
2021-07-10,CL,085003,Butera,37.190354,14.183489,,0,0,4,4,3,3,100,0,104,,,,,,
2021-07-11,CL,085003,Butera,37.190354,14.183489,,0,0,4,4,0,0,100,0,104,,,,,,
2021-07-12,CL,085003,Butera,37.190354,14.183489,,0,0,3,3,-1,0,101,0,104,,,,,,
2021-07-13,CL,085003,Butera,37.190354,14.183489,,0,0,3,3,0,0,101,0,104,,,,,,
2021-07-14,CL,085003,Butera,37.190354,14.183489,,0,0,3,3,0,0,101,0,104,,,,,,
2021-07-15,CL,085003,Butera,37.190354,14.183489,,0,0,5,5,2,2,101,0,106,,,,,,
2021-07-16,CL,085003,Butera,37.190354,14.183489,,0,0,5,5,0,0,101,0,106,,,,,,
2021-07-17,CL,085003,Butera,37.190354,14.183489,,0,0,5,5,0,0,101,0,106,,,,,,
2021-07-18,CL,085003,Butera,37.190354,14.183489,,0,0,8,8,3,3,101,0,109,,,,,,
2021-07-19,CL,085003,Butera,37.190354,14.183489,,0,0,8,8,0,0,101,0,109,,,,,,
2021-07-20,CL,085003,Butera,37.190354,14.183489,,0,0,8,8,0,0,101,0,109,,,,,,
2021-07-21,CL,085003,Butera,37.190354,14.183489,,0,0,8,8,0,0,101,0,109,,,,,,
2021-07-23,CL,085003,Butera,37.190354,14.183489,,0,0,8,8,0,0,101,0,109,,,,,,
2021-07-24,CL,085003,Butera,37.190354,14.183489,,0,0,8,8,0,0,101,0,109,,,,,,
2021-07-25,CL,085003,Butera,37.190354,14.183489,,0,0,8,8,0,0,101,0,109,,,,,,
2021-07-26,CL,085003,Butera,37.190354,14.183489,,0,0,9,9,1,1,101,0,110,,,,,,
2021-07-27,CL,085003,Butera,37.190354,14.183489,,0,0,10,10,1,1,101,0,111,,,,,,
2021-07-28,CL,085003,Butera,37.190354,14.183489,,0,0,10,10,0,0,101,0,111,,,,,,
2021-07-29,CL,085003,Butera,37.190354,14.183489,,0,0,7,7,-3,1,105,0,112,,,,,,
2021-07-30,CL,085003,Butera,37.190354,14.183489,,0,0,7,7,0,0,105,0,112,,,,,,
2021-07-31,CL,085003,Butera,37.190354,14.183489,,0,0,7,7,0,0,105,0,112,,,,,,
2021-08-01,CL,085003,Butera,37.190354,14.183489,,0,0,7,7,0,0,105,0,112,,,,,,
2021-08-02,CL,085003,Butera,37.190354,14.183489,,0,0,7,7,0,0,105,0,112,,,,,,
2021-08-03,CL,085003,Butera,37.190354,14.183489,,0,0,5,5,-2,0,107,0,112,,,,,,
2021-08-04,CL,085003,Butera,37.190354,14.183489,,0,0,5,5,0,0,107,0,112,,,,,,
2021-08-06,CL,085003,Butera,37.190354,14.183489,,0,0,5,5,0,0,107,0,112,,,,,,
2021-08-09,CL,085003,Butera,37.190354,14.183489,,0,0,3,3,-2,0,109,0,112,,,,,,
2021-08-10,CL,085003,Butera,37.190354,14.183489,,0,0,3,3,0,0,109,0,112,,,,,,
2021-08-12,CL,085003,Butera,37.190354,14.183489,,0,0,7,7,4,4,109,0,116,,,,,,
2021-08-13,CL,085003,Butera,37.190354,14.183489,,0,0,7,7,0,1,110,0,117,,,,,,
2021-08-14,CL,085003,Butera,37.190354,14.183489,,0,0,8,8,1,1,110,0,118,,,,,,
2021-08-15,CL,085003,Butera,37.190354,14.183489,,0,0,6,6,-2,0,112,0,118,,,,,,
2021-08-16,CL,085003,Butera,37.190354,14.183489,,0,0,11,11,5,5,112,0,123,,,,,,
2021-08-17,CL,085003,Butera,37.190354,14.183489,,0,0,11,11,0,0,112,0,123,,,,,,
2021-08-18,CL,085003,Butera,37.190354,14.183489,,0,0,19,19,8,8,112,0,131,,,,,,
2021-08-19,CL,085003,Butera,37.190354,14.183489,,0,0,19,19,0,0,112,0,131,,,,,,
2021-08-20,CL,085003,Butera,37.190354,14.183489,,0,0,21,21,2,2,112,0,133,,,,,,
2021-08-21,CL,085003,Butera,37.190354,14.183489,,0,0,21,21,0,0,112,0,133,,,,,,
2021-08-22,CL,085003,Butera,37.190354,14.183489,,0,0,22,22,1,1,112,0,134,,,,,,
2021-08-23,CL,085003,Butera,37.190354,14.183489,,0,0,23,23,1,1,112,0,135,,,,,,
2021-08-24,CL,085003,Butera,37.190354,14.183489,,0,0,24,24,1,1,112,0,136,,,,,,
2021-08-25,CL,085003,Butera,37.190354,14.183489,,0,0,22,22,-2,1,115,0,137,,,,,,
2021-08-28,CL,085003,Butera,37.190354,14.183489,,0,0,28,28,6,6,115,0,143,,,,,,
2021-08-29,CL,085003,Butera,37.190354,14.183489,,0,0,27,27,-1,0,116,0,143,,,,,,
2021-08-30,CL,085003,Butera,37.190354,14.183489,,0,0,27,27,0,2,118,0,145,,,,,,
2021-08-31,CL,085003,Butera,37.190354,14.183489,,0,0,27,27,0,0,118,0,145,,,,,,
2021-09-01,CL,085003,Butera,37.190354,14.183489,,0,0,24,24,-3,1,122,0,146,,,,,,
2021-09-03,CL,085003,Butera,37.190354,14.183489,,0,0,18,18,-6,0,128,0,146,,,,,,
2021-09-04,CL,085003,Butera,37.190354,14.183489,,0,0,19,19,1,3,130,0,149,,,,,,
2021-09-05,CL,085003,Butera,37.190354,14.183489,,0,0,18,18,-1,3,134,0,152,,,,,,
2021-09-06,CL,085003,Butera,37.190354,14.183489,,0,0,18,18,0,0,134,0,152,,,,,,
2021-09-07,CL,085003,Butera,37.190354,14.183489,,0,0,25,25,7,8,135,0,160,,,,,,
2021-09-08,CL,085003,Butera,37.190354,14.183489,,0,1,24,25,0,1,136,0,161,,,,,,
2021-09-09,CL,085003,Butera,37.190354,14.183489,,0,1,24,25,0,0,136,0,161,,,,,,
2021-09-10,CL,085003,Butera,37.190354,14.183489,,0,1,31,32,7,7,136,0,168,,,,,,
2021-09-11,CL,085003,Butera,37.190354,14.183489,,0,0,29,29,-3,0,138,1,168,,,,,,
2021-09-12,CL,085003,Butera,37.190354,14.183489,,0,0,40,40,11,12,139,1,180,,,,,,
2021-09-13,CL,085003,Butera,37.190354,14.183489,,0,1,38,39,-1,0,140,1,180,,,,,,
2021-09-14,CL,085003,Butera,37.190354,14.183489,,0,1,38,39,0,3,143,1,183,,,,,,
2021-09-15,CL,085003,Butera,37.190354,14.183489,,0,2,32,34,-5,0,148,1,183,,,,,,
2021-09-16,CL,085003,Butera,37.190354,14.183489,,0,2,36,38,4,4,148,1,187,,,,,,
2021-09-17,CL,085003,Butera,37.190354,14.183489,,0,2,36,38,0,0,148,1,187,,,,,,
2021-09-18,CL,085003,Butera,37.190354,14.183489,,0,2,41,43,5,5,148,1,192,,,,,,
2021-09-19,CL,085003,Butera,37.190354,14.183489,,0,2,41,43,0,0,148,1,192,,,,,,
2021-09-20,CL,085003,Butera,37.190354,14.183489,,0,2,41,43,0,0,148,1,192,,,,,,
2021-09-21,CL,085003,Butera,37.190354,14.183489,,0,2,40,42,-1,2,151,1,194,,,,,,
2021-09-22,CL,085003,Butera,37.190354,14.183489,,0,2,42,44,2,2,151,1,196,,,,,,
2021-09-23,CL,085003,Butera,37.190354,14.183489,,0,2,40,42,-2,1,154,1,197,,,,,,