data,sigla_provincia,codice_comune,denominazione_comune,lat,long,ricoverati_con_sintomi,terapia_intensiva,totale_ospedalizzati,isolamento_domiciliare,totale_positivi,variazione_totale_positivi,nuovi_positivi,dimessi_guariti,deceduti,totale_casi,tamponi,casi_testati,note,ingressi_terapia_intensiva,note_test,note_casi
2021-03-01,CL,085019,Sommatino,37.334022,13.992959,,0,0,3,3,,,46,2,51,,,,,,
2021-03-02,CL,085019,Sommatino,37.334022,13.992959,,0,0,3,3,0,0,46,2,51,,,,,,
2021-03-03,CL,085019,Sommatino,37.334022,13.992959,,0,0,3,3,0,0,46,2,51,,,,,,
2021-03-04,CL,085019,Sommatino,37.334022,13.992959,,1,1,3,4,1,1,46,2,52,,,,,,
2021-03-05,CL,085019,Sommatino,37.334022,13.992959,,1,1,3,4,0,0,46,2,52,,,,,,
2021-03-06,CL,085019,Sommatino,37.334022,13.992959,,1,1,4,5,1,1,46,2,53,,,,,,
2021-03-07,CL,085019,Sommatino,37.334022,13.992959,,1,1,4,5,0,0,46,2,53,,,,,,
2021-03-08,CL,085019,Sommatino,37.334022,13.992959,,1,1,4,5,0,0,46,2,53,,,,,,
2021-03-09,CL,085019,Sommatino,37.334022,13.992959,,1,1,4,5,0,0,46,2,53,,,,,,
2021-03-10,CL,085019,Sommatino,37.334022,13.992959,,1,1,4,5,0,1,47,2,54,,,,,,
2021-03-11,CL,085019,Sommatino,37.334022,13.992959,,1,1,4,5,0,0,47,2,54,,,,,,
2021-03-13,CL,085019,Sommatino,37.334022,13.992959,,1,1,4,5,0,0,47,2,54,,,,,,
2021-03-14,CL,085019,Sommatino,37.334022,13.992959,,1,1,5,6,1,1,47,2,55,,,,,,
2021-03-15,CL,085019,Sommatino,37.334022,13.992959,,1,1,5,6,0,0,47,2,55,,,,,,
2021-03-16,CL,085019,Sommatino,37.334022,13.992959,,1,1,5,6,0,0,47,2,55,,,,,,
2021-03-17,CL,085019,Sommatino,37.334022,13.992959,,1,1,6,7,1,1,47,2,56,,,,,,
2021-03-18,CL,085019,Sommatino,37.334022,13.992959,,1,1,11,12,5,6,48,2,62,,,,,,
2021-03-19,CL,085019,Sommatino,37.334022,13.992959,,1,1,12,13,1,1,48,2,63,,,,,,
2021-03-20,CL,085019,Sommatino,37.334022,13.992959,,0,0,12,12,-1,0,48,3,63,,,,,,
2021-03-21,CL,085019,Sommatino,37.334022,13.992959,,0,0,14,14,2,3,49,3,66,,,,,,
2021-03-22,CL,085019,Sommatino,37.334022,13.992959,,0,0,14,14,0,0,49,3,66,,,,,,
2021-03-23,CL,085019,Sommatino,37.334022,13.992959,,0,0,14,14,0,0,49,3,66,,,,,,
2021-03-24,CL,085019,Sommatino,37.334022,13.992959,,0,0,18,18,4,5,50,3,71,,,,,,
2021-03-25,CL,085019,Sommatino,37.334022,13.992959,,0,0,18,18,0,0,50,3,71,,,,,,
2021-03-26,CL,085019,Sommatino,37.334022,13.992959,,0,0,28,28,10,10,50,3,81,,,,,,
2021-03-27,CL,085019,Sommatino,37.334022,13.992959,,0,0,28,28,0,0,50,3,81,,,,,,
2021-03-28,CL,085019,Sommatino,37.334022,13.992959,,0,0,28,28,0,0,50,3,81,,,,,,
2021-03-29,CL,085019,Sommatino,37.334022,13.992959,,0,0,29,29,1,1,50,3,82,,,,,,
2021-03-30,CL,085019,Sommatino,37.334022,13.992959,,0,0,32,32,3,3,50,3,85,,,,,,
2021-03-31,CL,085019,Sommatino,37.334022,13.992959,,0,0,38,38,6,6,50,3,91,,,,,,
2021-04-04,CL,085019,Sommatino,37.334022,13.992959,,0,0,53,53,15,19,54,3,110,,,,,,
2021-04-05,CL,085019,Sommatino,37.334022,13.992959,,0,0,53,53,0,0,54,3,110,,,,,,
2021-04-06,CL,085019,Sommatino,37.334022,13.992959,,0,0,53,53,0,0,54,3,110,,,,,,
2021-04-07,CL,085019,Sommatino,37.334022,13.992959,,0,0,51,51,-2,2,58,3,112,,,,,,
2021-04-08,CL,085019,Sommatino,37.334022,13.992959,,0,0,51,51,0,0,58,3,112,,,,,,
2021-04-09,CL,085019,Sommatino,37.334022,13.992959,,0,0,47,47,-4,0,62,3,112,,,,,,
2021-04-10,CL,085019,Sommatino,37.334022,13.992959,,0,0,49,49,2,3,63,3,115,,,,,,
2021-04-12,CL,085019,Sommatino,37.334022,13.992959,,0,0,49,49,0,0,63,3,115,,,,,,
2021-04-13,CL,085019,Sommatino,37.334022,13.992959,,0,0,48,48,-1,0,64,3,115,,,,,,
2021-04-14,CL,085019,Sommatino,37.334022,13.992959,,0,0,46,46,-2,1,67,3,116,,,,,,
2021-04-15,CL,085019,Sommatino,37.334022,13.992959,,0,0,46,46,0,0,67,3,116,,,,,,
2021-04-16,CL,085019,Sommatino,37.334022,13.992959,,0,0,46,46,0,0,67,3,116,,,,,,
2021-04-17,CL,085019,Sommatino,37.334022,13.992959,,0,0,39,39,-7,0,74,3,116,,,,,,
2021-04-22,CL,085019,Sommatino,37.334022,13.992959,,1,1,29,30,-9,2,85,3,118,,,,,,
2021-04-23,CL,085019,Sommatino,37.334022,13.992959,,1,1,26,27,-3,0,88,3,118,,,,,,
2021-04-24,CL,085019,Sommatino,37.334022,13.992959,,1,1,27,28,1,1,88,3,119,,,,,,
2021-04-27,CL,085019,Sommatino,37.334022,13.992959,,1,1,18,19,-9,2,99,3,121,,,,,,
2021-04-28,CL,085019,Sommatino,37.334022,13.992959,,1,1,15,16,-3,0,102,3,121,,,,,,
2021-04-29,CL,085019,Sommatino,37.334022,13.992959,,1,1,13,14,-2,0,104,3,121,,,,,,
2021-04-30,CL,085019,Sommatino,37.334022,13.992959,,1,1,11,12,-2,0,106,3,121,,,,,,
2021-05-01,CL,085019,Sommatino,37.334022,13.992959,,1,1,11,12,0,0,106,3,121,,,,,,
2021-05-02,CL,085019,Sommatino,37.334022,13.992959,,1,1,10,11,-1,0,107,3,121,,,,,,
2021-05-04,CL,085019,Sommatino,37.334022,13.992959,,0,1,7,8,-3,0,110,3,121,,,,,,
2021-05-07,CL,085019,Sommatino,37.334022,13.992959,,0,1,6,7,-1,2,113,3,123,,,,,,
2021-05-10,CL,085019,Sommatino,37.334022,13.992959,,0,2,2,4,-3,0,116,3,123,,,,,,
2021-05-15,CL,085019,Sommatino,37.334022,13.992959,,0,1,2,3,-1,1,118,3,124,,,,,,
2021-05-16,CL,085019,Sommatino,37.334022,13.992959,,0,1,2,3,0,0,118,3,124,,,,,,
2021-05-17,CL,085019,Sommatino,37.334022,13.992959,,0,1,2,3,0,0,118,3,124,,,,,,
2021-05-18,CL,085019,Sommatino,37.334022,13.992959,,0,1,2,3,0,0,118,3,124,,,,,,
2021-05-19,CL,085019,Sommatino,37.334022,13.992959,,0,1,1,2,-1,0,119,3,124,,,,,,
2021-05-21,CL,085019,Sommatino,37.334022,13.992959,,0,1,1,2,0,0,119,3,124,,,,,,
2021-05-22,CL,085019,Sommatino,37.334022,13.992959,,0,1,2,3,1,1,119,3,125,,,,,,
2021-05-23,CL,085019,Sommatino,37.334022,13.992959,,0,1,2,3,0,0,119,3,125,,,,,,
2021-05-24,CL,085019,Sommatino,37.334022,13.992959,,0,1,1,2,-1,0,120,3,125,,,,,,
2021-06-03,CL,085019,Sommatino,37.334022,13.992959,,0,0,4,4,2,3,121,3,128,,,,,,
2021-06-05,CL,085019,Sommatino,37.334022,13.992959,,0,0,3,3,-1,0,122,3,128,,,,,,
2021-06-10,CL,085019,Sommatino,37.334022,13.992959,,0,0,3,3,0,0,122,3,128,,,,,,
2021-06-12,CL,085019,Sommatino,37.334022,13.992959,,0,0,3,3,0,0,122,3,128,,,,,,
2021-06-17,CL,085019,Sommatino,37.334022,13.992959,,0,0,3,3,0,0,122,3,128,,,,,,
2021-06-18,CL,085019,Sommatino,37.334022,13.992959,,0,0,3,3,0,0,122,3,128,,,,,,
2021-06-19,CL,085019,Sommatino,37.334022,13.992959,,0,0,1,1,-2,0,124,3,128,,,,,,
2021-06-21,CL,085019,Sommatino,37.334022,13.992959,,0,0,0,0,-1,0,125,3,128,,,,,,
2021-06-26,CL,085019,Sommatino,37.334022,13.992959,,0,0,0,0,0,0,125,3,128,,,,,,
2021-06-30,CL,085019,Sommatino,37.334022,13.992959,,0,0,2,2,2,2,125,3,130,,,,,,
2021-07-01,CL,085019,Sommatino,37.334022,13.992959,,0,0,3,3,1,1,125,3,131,,,,,,
2021-07-02,CL,085019,Sommatino,37.334022,13.992959,,0,0,3,3,0,0,125,3,131,,,,,,
2021-07-03,CL,085019,Sommatino,37.334022,13.992959,,0,0,3,3,0,0,125,3,131,,,,,,
2021-07-04,CL,085019,Sommatino,37.334022,13.992959,,0,0,3,3,0,0,125,3,131,,,,,,
2021-07-06,CL,085019,Sommatino,37.334022,13.992959,,0,0,4,4,1,1,125,3,132,,,,,,
2021-07-07,CL,085019,Sommatino,37.334022,13.992959,,0,0,4,4,0,0,125,3,132,,,,,,
2021-07-08,CL,085019,Sommatino,37.334022,13.992959,,0,0,4,4,0,0,125,3,132,,,,,,
2021-07-09,CL,085019,Sommatino,37.334022,13.992959,,0,0,4,4,0,0,125,3,132,,,,,,
2021-07-10,CL,085019,Sommatino,37.334022,13.992959,,0,0,4,4,0,0,125,3,132,,,,,,
2021-07-11,CL,085019,Sommatino,37.334022,13.992959,,0,0,2,2,-2,0,127,3,132,,,,,,
2021-07-12,CL,085019,Sommatino,37.334022,13.992959,,0,0,2,2,0,0,127,3,132,,,,,,
2021-07-13,CL,085019,Sommatino,37.334022,13.992959,,0,0,2,2,0,0,127,3,132,,,,,,
2021-07-14,CL,085019,Sommatino,37.334022,13.992959,,0,0,2,2,0,0,127,3,132,,,,,,
2021-07-15,CL,085019,Sommatino,37.334022,13.992959,,0,0,2,2,0,1,128,3,133,,,,,,
2021-07-16,CL,085019,Sommatino,37.334022,13.992959,,0,0,2,2,0,0,128,3,133,,,,,,
2021-07-17,CL,085019,Sommatino,37.334022,13.992959,,0,0,2,2,0,0,128,3,133,,,,,,
2021-07-18,CL,085019,Sommatino,37.334022,13.992959,,0,0,2,2,0,0,128,3,133,,,,,,
2021-07-19,CL,085019,Sommatino,37.334022,13.992959,,0,0,2,2,0,0,128,3,133,,,,,,
2021-07-20,CL,085019,Sommatino,37.334022,13.992959,,0,0,2,2,0,0,128,3,133,,,,,,
2021-07-21,CL,085019,Sommatino,37.334022,13.992959,,0,0,2,2,0,1,129,3,134,,,,,,
2021-07-23,CL,085019,Sommatino,37.334022,13.992959,,0,0,2,2,0,0,129,3,134,,,,,,
2021-07-24,CL,085019,Sommatino,37.334022,13.992959,,0,0,2,2,0,0,129,3,134,,,,,,
2021-07-25,CL,085019,Sommatino,37.334022,13.992959,,0,0,3,3,1,1,129,3,135,,,,,,
2021-07-26,CL,085019,Sommatino,37.334022,13.992959,,0,0,1,1,-2,-1,130,3,134,,,,,,
2021-07-27,CL,085019,Sommatino,37.334022,13.992959,,0,0,2,2,1,1,130,3,135,,,,,,
2021-07-28,CL,085019,Sommatino,37.334022,13.992959,,0,0,5,5,3,3,130,3,138,,,,,,
2021-07-29,CL,085019,Sommatino,37.334022,13.992959,,0,0,5,5,0,0,130,3,138,,,,,,
2021-07-30,CL,085019,Sommatino,37.334022,13.992959,,0,0,14,14,9,9,130,3,147,,,,,,
2021-07-31,CL,085019,Sommatino,37.334022,13.992959,,0,0,14,14,0,0,130,3,147,,,,,,
2021-08-01,CL,085019,Sommatino,37.334022,13.992959,,0,0,14,14,0,0,130,3,147,,,,,,
2021-08-02,CL,085019,Sommatino,37.334022,13.992959,,0,0,19,19,5,5,130,3,152,,,,,,
2021-08-03,CL,085019,Sommatino,37.334022,13.992959,,0,0,19,19,0,0,130,3,152,,,,,,
2021-08-04,CL,085019,Sommatino,37.334022,13.992959,,0,0,19,19,0,0,130,3,152,,,,,,
2021-08-06,CL,085019,Sommatino,37.334022,13.992959,,0,0,25,25,6,6,130,3,158,,,,,,
2021-08-09,CL,085019,Sommatino,37.334022,13.992959,,0,3,23,26,1,1,130,3,159,,,,,,
2021-08-10,CL,085019,Sommatino,37.334022,13.992959,,0,3,22,25,-1,1,132,3,160,,,,,,
2021-08-12,CL,085019,Sommatino,37.334022,13.992959,,0,5,22,27,2,3,133,3,163,,,,,,
2021-08-13,CL,085019,Sommatino,37.334022,13.992959,,0,5,22,27,0,0,133,3,163,,,,,,
2021-08-14,CL,085019,Sommatino,37.334022,13.992959,,0,5,20,25,-2,0,135,3,163,,,,,,
2021-08-15,CL,085019,Sommatino,37.334022,13.992959,,0,6,20,26,1,1,135,3,164,,,,,,
2021-08-16,CL,085019,Sommatino,37.334022,13.992959,,0,6,21,27,1,1,135,3,165,,,,,,
2021-08-17,CL,085019,Sommatino,37.334022,13.992959,,0,6,26,32,5,5,135,3,170,,,,,,
2021-08-18,CL,085019,Sommatino,37.334022,13.992959,,0,4,28,32,0,0,135,3,170,,,,,,
2021-08-19,CL,085019,Sommatino,37.334022,13.992959,,0,4,24,28,-4,1,140,3,171,,,,,,
2021-08-20,CL,085019,Sommatino,37.334022,13.992959,,0,5,26,31,3,3,140,3,174,,,,,,
2021-08-21,CL,085019,Sommatino,37.334022,13.992959,,0,4,31,35,4,4,140,3,178,,,,,,
2021-08-22,CL,085019,Sommatino,37.334022,13.992959,,0,4,39,43,8,8,140,3,186,,,,,,
2021-08-23,CL,085019,Sommatino,37.334022,13.992959,,0,4,41,45,2,3,141,3,189,,,,,,
2021-08-24,CL,085019,Sommatino,37.334022,13.992959,,0,5,36,41,-4,1,146,3,190,,,,,,
2021-08-25,CL,085019,Sommatino,37.334022,13.992959,,0,5,39,44,3,3,146,3,193,,,,,,
2021-08-28,CL,085019,Sommatino,37.334022,13.992959,,0,1,39,40,-4,7,156,4,200,,,,,,
2021-08-29,CL,085019,Sommatino,37.334022,13.992959,,0,1,48,49,9,12,159,4,212,,,,,,
2021-08-30,CL,085019,Sommatino,37.334022,13.992959,,0,1,47,48,-1,2,162,4,214,,,,,,
2021-08-31,CL,085019,Sommatino,37.334022,13.992959,,0,1,46,47,-1,3,166,4,217,,,,,,
2021-09-01,CL,085019,Sommatino,37.334022,13.992959,,0,1,46,47,0,0,166,4,217,,,,,,
2021-09-03,CL,085019,Sommatino,37.334022,13.992959,,0,1,45,46,-1,4,171,4,221,,,,,,
2021-09-04,CL,085019,Sommatino,37.334022,13.992959,,0,1,45,46,0,0,171,4,221,,,,,,
2021-09-05,CL,085019,Sommatino,37.334022,13.992959,,0,1,44,45,-1,0,172,4,221,,,,,,
2021-09-06,CL,085019,Sommatino,37.334022,13.992959,,0,1,39,40,-5,0,177,4,221,,,,,,
2021-09-07,CL,085019,Sommatino,37.334022,13.992959,,0,1,36,37,-3,1,181,4,222,,,,,,
2021-09-08,CL,085019,Sommatino,37.334022,13.992959,,0,1,33,34,-3,0,184,4,222,,,,,,
2021-09-09,CL,085019,Sommatino,37.334022,13.992959,,0,1,33,34,0,0,184,4,222,,,,,,
2021-09-10,CL,085019,Sommatino,37.334022,13.992959,,0,1,33,34,0,0,184,4,222,,,,,,
2021-09-11,CL,085019,Sommatino,37.334022,13.992959,,0,1,30,31,-3,0,187,4,222,,,,,,
2021-09-12,CL,085019,Sommatino,37.334022,13.992959,,0,1,19,20,-11,2,200,4,224,,,,,,
2021-09-13,CL,085019,Sommatino,37.334022,13.992959,,0,1,18,19,-1,0,201,4,224,,,,,,
2021-09-14,CL,085019,Sommatino,37.334022,13.992959,,0,1,13,14,-5,2,208,4,226,,,,,,
2021-09-15,CL,085019,Sommatino,37.334022,13.992959,,0,1,10,11,-3,0,211,4,226,,,,,,
2021-09-16,CL,085019,Sommatino,37.334022,13.992959,,0,1,9,10,-1,0,212,4,226,,,,,,