data,sigla_provincia,codice_comune,denominazione_comune,lat,long,ricoverati_con_sintomi,terapia_intensiva,totale_ospedalizzati,isolamento_domiciliare,totale_positivi,variazione_totale_positivi,nuovi_positivi,dimessi_guariti,deceduti,totale_casi,tamponi,casi_testati,note,ingressi_terapia_intensiva,note_test,note_casi
2021-03-01,CL,085004,Caltanissetta,37.489941,14.063162,,0,18,106,124,,,1044,26,1194,,,,,,
2021-03-02,CL,085004,Caltanissetta,37.489941,14.063162,,0,18,105,123,-1,1,1046,26,1195,,,,,,
2021-03-03,CL,085004,Caltanissetta,37.489941,14.063162,,0,18,108,126,3,11,1054,26,1206,,,,,,
2021-03-04,CL,085004,Caltanissetta,37.489941,14.063162,,0,20,106,126,0,0,1054,26,1206,,,,,,
2021-03-05,CL,085004,Caltanissetta,37.489941,14.063162,,0,20,112,132,6,12,1060,26,1218,,,,,,
2021-03-06,CL,085004,Caltanissetta,37.489941,14.063162,,0,20,114,134,2,9,1067,26,1227,,,,,,
2021-03-07,CL,085004,Caltanissetta,37.489941,14.063162,,0,22,116,138,4,10,1073,26,1237,,,,,,
2021-03-08,CL,085004,Caltanissetta,37.489941,14.063162,,0,24,120,144,6,9,1076,26,1246,,,,,,
2021-03-09,CL,085004,Caltanissetta,37.489941,14.063162,,0,25,119,144,0,6,1082,26,1252,,,,,,
2021-03-10,CL,085004,Caltanissetta,37.489941,14.063162,,0,26,134,160,16,20,1086,26,1272,,,,,,
2021-03-11,CL,085004,Caltanissetta,37.489941,14.063162,,1,24,144,168,8,27,1105,26,1299,,,,,,
2021-03-13,CL,085004,Caltanissetta,37.489941,14.063162,,2,26,183,209,41,53,1117,26,1352,,,,,,
2021-03-14,CL,085004,Caltanissetta,37.489941,14.063162,,3,27,210,237,28,30,1119,26,1382,,,,,,
2021-03-15,CL,085004,Caltanissetta,37.489941,14.063162,,3,28,222,250,13,13,1119,26,1395,,,,,,
2021-03-16,CL,085004,Caltanissetta,37.489941,14.063162,,3,24,248,272,22,34,1131,26,1429,,,,,,
2021-03-17,CL,085004,Caltanissetta,37.489941,14.063162,,3,32,267,299,27,35,1139,26,1464,,,,,,
2021-03-18,CL,085004,Caltanissetta,37.489941,14.063162,,3,34,301,335,36,42,1144,27,1506,,,,,,
2021-03-19,CL,085004,Caltanissetta,37.489941,14.063162,,4,35,340,375,40,47,1151,27,1553,,,,,,
2021-03-20,CL,085004,Caltanissetta,37.489941,14.063162,,4,39,363,402,27,38,1162,27,1591,,,,,,
2021-03-21,CL,085004,Caltanissetta,37.489941,14.063162,,4,45,363,408,6,9,1164,28,1600,,,,,,
2021-03-22,CL,085004,Caltanissetta,37.489941,14.063162,,3,45,402,447,39,42,1167,28,1642,,,,,,
2021-03-23,CL,085004,Caltanissetta,37.489941,14.063162,,3,47,430,477,30,37,1174,28,1679,,,,,,
2021-03-24,CL,085004,Caltanissetta,37.489941,14.063162,,2,49,440,489,12,28,1189,29,1707,,,,,,
2021-03-25,CL,085004,Caltanissetta,37.489941,14.063162,,2,51,481,532,43,46,1192,29,1753,,,,,,
2021-03-26,CL,085004,Caltanissetta,37.489941,14.063162,,3,52,525,577,45,50,1197,29,1803,,,,,,
2021-03-27,CL,085004,Caltanissetta,37.489941,14.063162,,3,53,535,588,11,13,1199,29,1816,,,,,,
2021-03-28,CL,085004,Caltanissetta,37.489941,14.063162,,3,53,555,608,20,21,1200,29,1837,,,,,,
2021-03-29,CL,085004,Caltanissetta,37.489941,14.063162,,3,62,562,624,16,29,1213,29,1866,,,,,,
2021-03-30,CL,085004,Caltanissetta,37.489941,14.063162,,3,64,597,661,37,57,1233,29,1923,,,,,,
2021-03-31,CL,085004,Caltanissetta,37.489941,14.063162,,4,61,611,672,11,26,1248,29,1949,,,,,,
2021-04-04,CL,085004,Caltanissetta,37.489941,14.063162,,6,64,664,728,56,137,1325,33,2086,,,,,,
2021-04-05,CL,085004,Caltanissetta,37.489941,14.063162,,6,63,659,722,-6,6,1336,34,2092,,,,,,
2021-04-06,CL,085004,Caltanissetta,37.489941,14.063162,,6,62,683,745,23,28,1341,34,2120,,,,,,
2021-04-07,CL,085004,Caltanissetta,37.489941,14.063162,,5,55,652,707,-38,21,1399,35,2141,,,,,,
2021-04-08,CL,085004,Caltanissetta,37.489941,14.063162,,5,51,712,763,56,65,1408,35,2206,,,,,,
2021-04-09,CL,085004,Caltanissetta,37.489941,14.063162,,4,48,649,697,-66,16,1490,35,2222,,,,,,
2021-04-10,CL,085004,Caltanissetta,37.489941,14.063162,,4,49,661,710,13,16,1493,35,2238,,,,,,
2021-04-12,CL,085004,Caltanissetta,37.489941,14.063162,,4,54,611,665,-45,29,1566,36,2267,,,,,,
2021-04-13,CL,085004,Caltanissetta,37.489941,14.063162,,4,49,608,657,-8,31,1604,37,2298,,,,,,
2021-04-14,CL,085004,Caltanissetta,37.489941,14.063162,,3,44,585,629,-28,16,1647,38,2314,,,,,,
2021-04-15,CL,085004,Caltanissetta,37.489941,14.063162,,3,43,549,592,-37,12,1696,38,2326,,,,,,
2021-04-16,CL,085004,Caltanissetta,37.489941,14.063162,,2,44,514,558,-34,6,1736,38,2332,,,,,,
2021-04-17,CL,085004,Caltanissetta,37.489941,14.063162,,1,43,482,525,-33,5,1773,39,2337,,,,,,
2021-04-22,CL,085004,Caltanissetta,37.489941,14.063162,,2,37,393,430,-95,94,1962,39,2431,,,,,,
2021-04-23,CL,085004,Caltanissetta,37.489941,14.063162,,2,37,390,427,-3,5,1970,39,2436,,,,,,
2021-04-24,CL,085004,Caltanissetta,37.489941,14.063162,,2,35,380,415,-12,14,1996,39,2450,,,,,,
2021-04-27,CL,085004,Caltanissetta,37.489941,14.063162,,4,34,365,399,-16,20,2032,39,2470,,,,,,
2021-04-28,CL,085004,Caltanissetta,37.489941,14.063162,,2,29,312,341,-58,3,2091,41,2473,,,,,,
2021-04-29,CL,085004,Caltanissetta,37.489941,14.063162,,2,25,308,333,-8,3,2102,41,2476,,,,,,
2021-04-30,CL,085004,Caltanissetta,37.489941,14.063162,,2,25,276,301,-32,4,2138,41,2480,,,,,,
2021-05-01,CL,085004,Caltanissetta,37.489941,14.063162,,2,26,262,288,-13,6,2157,41,2486,,,,,,
2021-05-02,CL,085004,Caltanissetta,37.489941,14.063162,,3,27,250,277,-11,3,2171,41,2489,,,,,,
2021-05-04,CL,085004,Caltanissetta,37.489941,14.063162,,1,22,219,241,-36,15,2221,42,2504,,,,,,
2021-05-07,CL,085004,Caltanissetta,37.489941,14.063162,,1,18,168,186,-55,22,2298,42,2526,,,,,,
2021-05-10,CL,085004,Caltanissetta,37.489941,14.063162,,0,19,135,154,-32,9,2337,44,2535,,,,,,
2021-05-15,CL,085004,Caltanissetta,37.489941,14.063162,,0,17,89,106,-48,12,2397,44,2547,,,,,,
2021-05-16,CL,085004,Caltanissetta,37.489941,14.063162,,0,16,83,99,-7,2,2406,44,2549,,,,,,
2021-05-17,CL,085004,Caltanissetta,37.489941,14.063162,,0,16,80,96,-3,0,2409,44,2549,,,,,,
2021-05-18,CL,085004,Caltanissetta,37.489941,14.063162,,0,16,78,94,-2,3,2414,44,2552,,,,,,
2021-05-19,CL,085004,Caltanissetta,37.489941,14.063162,,0,15,77,92,-2,3,2419,44,2555,,,,,,
2021-05-21,CL,085004,Caltanissetta,37.489941,14.063162,,0,15,67,82,-10,0,2429,44,2555,,,,,,
2021-05-22,CL,085004,Caltanissetta,37.489941,14.063162,,0,12,62,74,-8,0,2437,44,2555,,,,,,
2021-05-23,CL,085004,Caltanissetta,37.489941,14.063162,,0,11,60,71,-3,0,2440,44,2555,,,,,,
2021-05-24,CL,085004,Caltanissetta,37.489941,14.063162,,0,11,61,72,1,1,2440,44,2556,,,,,,
2021-06-03,CL,085004,Caltanissetta,37.489941,14.063162,,0,2,22,24,-48,7,2495,44,2563,,,,,,
2021-06-05,CL,085004,Caltanissetta,37.489941,14.063162,,0,1,16,17,-7,0,2502,44,2563,,,,,,
2021-06-10,CL,085004,Caltanissetta,37.489941,14.063162,,0,1,24,25,8,13,2507,44,2576,,,,,,
2021-06-12,CL,085004,Caltanissetta,37.489941,14.063162,,0,1,32,33,8,9,2508,44,2585,,,,,,
2021-06-17,CL,085004,Caltanissetta,37.489941,14.063162,,0,2,49,51,18,24,2514,44,2609,,,,,,
2021-06-18,CL,085004,Caltanissetta,37.489941,14.063162,,0,2,48,50,-1,0,2515,44,2609,,,,,,
2021-06-19,CL,085004,Caltanissetta,37.489941,14.063162,,0,2,57,59,9,9,2515,44,2618,,,,,,
2021-06-21,CL,085004,Caltanissetta,37.489941,14.063162,,0,2,59,61,2,3,2516,44,2621,,,,,,
2021-06-26,CL,085004,Caltanissetta,37.489941,14.063162,,0,1,50,51,-10,6,2531,45,2627,,,,,,
2021-06-30,CL,085004,Caltanissetta,37.489941,14.063162,,0,4,49,53,2,12,2541,45,2639,,,,,,
2021-07-01,CL,085004,Caltanissetta,37.489941,14.063162,,0,4,50,54,1,3,2543,45,2642,,,,,,
2021-07-02,CL,085004,Caltanissetta,37.489941,14.063162,,0,3,53,56,2,5,2546,45,2647,,,,,,
2021-07-03,CL,085004,Caltanissetta,37.489941,14.063162,,0,4,52,56,0,3,2549,45,2650,,,,,,
2021-07-04,CL,085004,Caltanissetta,37.489941,14.063162,,0,4,47,51,-5,2,2556,45,2652,,,,,,
2021-07-06,CL,085004,Caltanissetta,37.489941,14.063162,,0,5,41,46,-5,3,2564,45,2655,,,,,,
2021-07-07,CL,085004,Caltanissetta,37.489941,14.063162,,0,5,41,46,0,3,2567,45,2658,,,,,,
2021-07-08,CL,085004,Caltanissetta,37.489941,14.063162,,0,7,51,58,12,14,2569,45,2672,,,,,,
2021-07-09,CL,085004,Caltanissetta,37.489941,14.063162,,0,7,52,59,1,3,2571,45,2675,,,,,,
2021-07-10,CL,085004,Caltanissetta,37.489941,14.063162,,0,7,49,56,-3,1,2575,45,2676,,,,,,
2021-07-11,CL,085004,Caltanissetta,37.489941,14.063162,,0,7,48,55,-1,2,2578,45,2678,,,,,,
2021-07-12,CL,085004,Caltanissetta,37.489941,14.063162,,0,8,47,55,0,1,2579,45,2679,,,,,,
2021-07-13,CL,085004,Caltanissetta,37.489941,14.063162,,0,7,46,53,-2,0,2581,45,2679,,,,,,
2021-07-14,CL,085004,Caltanissetta,37.489941,14.063162,,0,8,50,58,5,8,2584,45,2687,,,,,,
2021-07-15,CL,085004,Caltanissetta,37.489941,14.063162,,0,9,53,62,4,4,2584,45,2691,,,,,,
2021-07-16,CL,085004,Caltanissetta,37.489941,14.063162,,0,9,56,65,3,4,2585,45,2695,,,,,,
2021-07-17,CL,085004,Caltanissetta,37.489941,14.063162,,0,8,60,68,3,5,2587,45,2700,,,,,,
2021-07-18,CL,085004,Caltanissetta,37.489941,14.063162,,0,7,62,69,1,5,2591,45,2705,,,,,,
2021-07-19,CL,085004,Caltanissetta,37.489941,14.063162,,0,6,56,62,-7,2,2600,45,2707,,,,,,
2021-07-20,CL,085004,Caltanissetta,37.489941,14.063162,,0,5,55,60,-2,4,2606,45,2711,,,,,,
2021-07-21,CL,085004,Caltanissetta,37.489941,14.063162,,0,4,55,59,-1,2,2609,45,2713,,,,,,
2021-07-23,CL,085004,Caltanissetta,37.489941,14.063162,,0,3,60,63,4,8,2613,45,2721,,,,,,
2021-07-24,CL,085004,Caltanissetta,37.489941,14.063162,,0,3,60,63,0,1,2614,45,2722,,,,,,
2021-07-25,CL,085004,Caltanissetta,37.489941,14.063162,,0,3,54,57,-6,0,2620,45,2722,,,,,,
2021-07-26,CL,085004,Caltanissetta,37.489941,14.063162,,0,4,43,47,-10,8,2638,45,2730,,,,,,
2021-07-27,CL,085004,Caltanissetta,37.489941,14.063162,,0,3,44,47,0,1,2639,45,2731,,,,,,
2021-07-28,CL,085004,Caltanissetta,37.489941,14.063162,,0,2,43,45,-2,2,2643,45,2733,,,,,,
2021-07-29,CL,085004,Caltanissetta,37.489941,14.063162,,0,2,42,44,-1,6,2650,45,2739,,,,,,
2021-07-30,CL,085004,Caltanissetta,37.489941,14.063162,,0,1,46,47,3,5,2652,45,2744,,,,,,
2021-07-31,CL,085004,Caltanissetta,37.489941,14.063162,,0,1,45,46,-1,1,2654,45,2745,,,,,,
2021-08-01,CL,085004,Caltanissetta,37.489941,14.063162,,0,1,49,50,4,7,2657,45,2752,,,,,,
2021-08-02,CL,085004,Caltanissetta,37.489941,14.063162,,0,2,52,54,4,4,2657,45,2756,,,,,,
2021-08-03,CL,085004,Caltanissetta,37.489941,14.063162,,0,2,60,62,8,10,2659,45,2766,,,,,,
2021-08-04,CL,085004,Caltanissetta,37.489941,14.063162,,0,2,67,69,7,10,2662,45,2776,,,,,,
2021-08-06,CL,085004,Caltanissetta,37.489941,14.063162,,0,1,73,74,5,12,2669,45,2788,,,,,,
2021-08-09,CL,085004,Caltanissetta,37.489941,14.063162,,0,2,88,90,16,26,2679,45,2814,,,,,,
2021-08-10,CL,085004,Caltanissetta,37.489941,14.063162,,0,3,86,89,-1,4,2684,45,2818,,,,,,
2021-08-12,CL,085004,Caltanissetta,37.489941,14.063162,,0,6,89,95,6,17,2695,45,2835,,,,,,
2021-08-13,CL,085004,Caltanissetta,37.489941,14.063162,,0,6,93,99,4,11,2702,45,2846,,,,,,
2021-08-14,CL,085004,Caltanissetta,37.489941,14.063162,,0,6,96,102,3,7,2706,45,2853,,,,,,
2021-08-15,CL,085004,Caltanissetta,37.489941,14.063162,,0,6,97,103,1,1,2706,45,2854,,,,,,
2021-08-16,CL,085004,Caltanissetta,37.489941,14.063162,,0,7,98,105,2,3,2707,45,2857,,,,,,
2021-08-17,CL,085004,Caltanissetta,37.489941,14.063162,,0,7,106,113,8,12,2710,46,2869,,,,,,
2021-08-18,CL,085004,Caltanissetta,37.489941,14.063162,,0,8,111,119,6,11,2715,46,2880,,,,,,
2021-08-19,CL,085004,Caltanissetta,37.489941,14.063162,,0,6,117,123,4,7,2717,47,2887,,,,,,
2021-08-20,CL,085004,Caltanissetta,37.489941,14.063162,,0,8,125,133,10,11,2718,47,2898,,,,,,
2021-08-21,CL,085004,Caltanissetta,37.489941,14.063162,,0,9,128,137,4,11,2725,47,2909,,,,,,
2021-08-22,CL,085004,Caltanissetta,37.489941,14.063162,,0,8,131,139,2,5,2727,48,2914,,,,,,
2021-08-23,CL,085004,Caltanissetta,37.489941,14.063162,,0,9,161,170,31,33,2729,48,2947,,,,,,
2021-08-24,CL,085004,Caltanissetta,37.489941,14.063162,,0,8,156,164,-6,4,2739,48,2951,,,,,,
2021-08-25,CL,085004,Caltanissetta,37.489941,14.063162,,0,9,159,168,4,4,2739,48,2955,,,,,,
2021-08-28,CL,085004,Caltanissetta,37.489941,14.063162,,0,12,181,193,25,50,2764,48,3005,,,,,,
2021-08-29,CL,085004,Caltanissetta,37.489941,14.063162,,0,13,201,214,21,30,2773,48,3035,,,,,,
2021-08-30,CL,085004,Caltanissetta,37.489941,14.063162,,0,14,200,214,0,2,2775,48,3037,,,,,,
2021-08-31,CL,085004,Caltanissetta,37.489941,14.063162,,0,14,184,198,-16,6,2797,48,3043,,,,,,
2021-09-01,CL,085004,Caltanissetta,37.489941,14.063162,,0,15,174,189,-9,8,2814,48,3051,,,,,,
2021-09-03,CL,085004,Caltanissetta,37.489941,14.063162,,0,13,155,168,-21,14,2846,51,3065,,,,,,
2021-09-04,CL,085004,Caltanissetta,37.489941,14.063162,,0,13,162,175,7,16,2855,51,3081,,,,,,
2021-09-05,CL,085004,Caltanissetta,37.489941,14.063162,,0,13,159,172,-3,1,2858,52,3082,,,,,,
2021-09-06,CL,085004,Caltanissetta,37.489941,14.063162,,0,12,130,142,-30,5,2893,52,3087,,,,,,
2021-09-07,CL,085004,Caltanissetta,37.489941,14.063162,,0,12,127,139,-3,6,2902,52,3093,,,,,,
2021-09-08,CL,085004,Caltanissetta,37.489941,14.063162,,0,12,126,138,-1,0,2903,52,3093,,,,,,
2021-09-09,CL,085004,Caltanissetta,37.489941,14.063162,,0,15,119,134,-4,0,2906,53,3093,,,,,,
2021-09-10,CL,085004,Caltanissetta,37.489941,14.063162,,0,15,125,140,6,6,2906,53,3099,,,,,,
2021-09-11,CL,085004,Caltanissetta,37.489941,14.063162,,0,15,114,129,-11,4,2920,54,3103,,,,,,
2021-09-12,CL,085004,Caltanissetta,37.489941,14.063162,,0,16,123,139,10,23,2933,54,3126,,,,,,
2021-09-13,CL,085004,Caltanissetta,37.489941,14.063162,,0,16,115,131,-8,1,2942,54,3127,,,,,,
2021-09-14,CL,085004,Caltanissetta,37.489941,14.063162,,1,14,99,113,-18,4,2963,55,3131,,,,,,
2021-09-15,CL,085004,Caltanissetta,37.489941,14.063162,,1,14,95,109,-4,1,2968,55,3132,,,,,,
2021-09-16,CL,085004,Caltanissetta,37.489941,14.063162,,1,14,96,110,1,2,2969,55,3134,,,,,,
2021-09-17,CL,085004,Caltanissetta,37.489941,14.063162,,1,14,96,110,0,3,2972,55,3137,,,,,,